[gd_scene load_steps=2 format=3 uid="uid://dgddd3jwpelvy"]

[ext_resource type="ArrayMesh" uid="uid://rthetjtq0ri5" path="res://combined_assets/combined_mesh.tres" id="1_ofe6p"]

[node name="human_node" type="Node3D"]
transform = Transform3D(1, 0, 0, 0, -4.37114e-08, 1, 0, -1, -4.37114e-08, 0, 0, 0)

[node name="Skeleton3D" type="Skeleton3D" parent="."]
bones/0/name = "RL_BoneRoot"
bones/0/parent = -1
bones/0/rest = Transform3D(1, 0, 0, 0, 1, 0, 0, 0, 1, 0, 0, 0)
bones/0/enabled = true
bones/0/position = Vector3(0, 0, 0)
bones/0/rotation = Quaternion(0, 0, 0, 1)
bones/0/scale = Vector3(1, 1, 1)
bones/1/name = "CC_Base_Hip"
bones/1/parent = 0
bones/1/rest = Transform3D(1, 0, 0, 0, 0, -1, 0, 1, 0, 0, 0, 0.997274)
bones/1/enabled = true
bones/1/position = Vector3(0, 2.31888e-15, 0.997274)
bones/1/rotation = Quaternion(0.707107, 0, 0, 0.707107)
bones/1/scale = Vector3(1, 1, 1)
bones/2/name = "CC_Base_Pelvis"
bones/2/parent = 1
bones/2/rest = Transform3D(1, 1.49964e-07, -1.41353e-08, -1.49964e-07, 0.982387, -0.186855, -1.41353e-08, 0.186855, 0.982388, -3.62297e-17, 2.28882e-07, -7.89281e-09)
bones/2/enabled = true
bones/2/position = Vector3(-3.6234e-17, 1.52588e-07, -7.89282e-09)
bones/2/rotation = Quaternion(0.0938415, -5.57572e-15, -7.53146e-08, 0.995587)
bones/2/scale = Vector3(1, 1, 1)
bones/3/name = "CC_Base_L_Thigh"
bones/3/parent = 2
bones/3/rest = Transform3D(-0.999832, -0.0183095, -0.00085647, 0.0179921, -0.989278, 0.144936, -0.00350097, 0.144895, 0.989447, 0.0936426, -0.0197908, 0.000767665)
bones/3/enabled = true
bones/3/position = Vector3(0.0936425, -0.0197906, 0.000767653)
bones/3/rotation = Quaternion(-0.00109229, 0.0726527, 0.997315, 0.00909981)
bones/3/scale = Vector3(1, 1, 1.00001)
bones/4/name = "CC_Base_L_Calf"
bones/4/parent = 3
bones/4/rest = Transform3D(1, -0.000713111, 0.0003261, 0.000722878, 0.999519, -0.0310014, -0.000303836, 0.0310016, 0.999519, 6.70878e-05, 0.453156, -2.33311e-06)
bones/4/enabled = true
bones/4/position = Vector3(6.70859e-05, 0.453156, -2.36206e-06)
bones/4/rotation = Quaternion(0.0155026, 0.000157503, 0.000359042, 0.99988)
bones/4/scale = Vector3(1, 1, 1)
bones/5/name = "CC_Base_L_Foot"
bones/5/parent = 4
bones/5/rest = Transform3D(0.994186, -0.107039, -0.0116933, 0.0118497, 0.2167, -0.976166, 0.107022, 0.970352, 0.216709, -1.12027e-06, 0.469414, 5.995e-05)
bones/5/enabled = true
bones/5/position = Vector3(-9.06539e-07, 0.469414, 5.99744e-05)
bones/5/rotation = Quaternion(0.624655, -0.0380969, 0.0381524, 0.779037)
bones/5/scale = Vector3(1, 1, 1)
bones/6/name = "CC_Base_L_ToeBaseShareBone"
bones/6/parent = 5
bones/6/rest = Transform3D(0.998415, 0.0333494, 0.0453465, -0.0202414, 0.964419, -0.263603, -0.052524, 0.262268, 0.963565, -1.43309e-06, 0.153621, 1.00729e-06)
bones/6/enabled = true
bones/6/position = Vector3(-1.65148e-06, 0.153621, 8.67546e-07)
bones/6/rotation = Quaternion(0.132694, 0.024696, -0.0135227, 0.990757)
bones/6/scale = Vector3(1, 1, 1)
bones/7/name = "CC_Base_L_ToeBaseShareBone_end"
bones/7/parent = 6
bones/7/rest = Transform3D(1, 0, 0, 0, 1, 0, 0, 0, 1, 0, 0.153622, 0)
bones/7/enabled = true
bones/7/position = Vector3(0, 0.153622, 0)
bones/7/rotation = Quaternion(0, 0, 0, 1)
bones/7/scale = Vector3(1, 1, 1)
bones/8/name = "CC_Base_L_ToeBase"
bones/8/parent = 5
bones/8/rest = Transform3D(0.998431, 0.0333504, 0.0449868, -0.0203368, 0.964416, -0.263606, -0.0521774, 0.262278, 0.963581, -1.43618e-06, 0.153621, 9.91484e-07)
bones/8/enabled = true
bones/8/position = Vector3(-1.65508e-06, 0.153621, 8.55625e-07)
bones/8/rotation = Quaternion(0.132697, 0.0245177, -0.013547, 0.990761)
bones/8/scale = Vector3(1, 1, 1)
bones/9/name = "CC_Base_L_PinkyToe1"
bones/9/parent = 8
bones/9/rest = Transform3D(0.995544, 0.0476077, 0.0814023, -0.0739821, 0.929572, 0.36114, -0.0584763, -0.365553, 0.928952, -0.0285367, 0.00516733, -0.00526938)
bones/9/enabled = true
bones/9/position = Vector3(-0.0285365, 0.00516735, -0.00526934)
bones/9/rotation = Quaternion(-0.185081, 0.0356254, -0.0309676, 0.981589)
bones/9/scale = Vector3(1, 1, 1)
bones/10/name = "CC_Base_L_PinkyToe1_end"
bones/10/parent = 9
bones/10/rest = Transform3D(1, 0, 0, 0, 1, 0, 0, 0, 1, 0, 0.0301714, 0)
bones/10/enabled = true
bones/10/position = Vector3(0, 0.0301714, 0)
bones/10/rotation = Quaternion(0, 0, 0, 1)
bones/10/scale = Vector3(1, 1, 1)
bones/11/name = "CC_Base_L_RingToe1"
bones/11/parent = 8
bones/11/rest = Transform3D(0.994057, 0.0151893, 0.107798, -0.0582436, 0.910783, 0.408756, -0.0919724, -0.412605, 0.906255, -0.0143681, 0.0158626, -0.00123666)
bones/11/enabled = true
bones/11/position = Vector3(-0.0143678, 0.0158626, -0.00123661)
bones/11/rotation = Quaternion(-0.210368, 0.0511654, -0.0188077, 0.976101)
bones/11/scale = Vector3(1, 1, 1)
bones/12/name = "CC_Base_L_RingToe1_end"
bones/12/parent = 11
bones/12/rest = Transform3D(1, 0, 0, 0, 1, 0, 0, 0, 1, 0, 0.0301714, 0)
bones/12/enabled = true
bones/12/position = Vector3(0, 0.0301714, 0)
bones/12/rotation = Quaternion(0, 0, 0, 1)
bones/12/scale = Vector3(1, 1, 1)
bones/13/name = "CC_Base_L_MidToe1"
bones/13/parent = 8
bones/13/rest = Transform3D(0.996883, 0.00659064, 0.0786136, -0.0272468, 0.963947, 0.264698, -0.0740348, -0.266015, 0.961122, 1.87735e-07, 0.024468, -6.42634e-08)
bones/13/enabled = true
bones/13/position = Vector3(3.94434e-07, 0.024468, -2.17557e-08)
bones/13/rotation = Quaternion(-0.133992, 0.0385398, -0.0085431, 0.990196)
bones/13/scale = Vector3(1, 1, 1)
bones/14/name = "CC_Base_L_MidToe1_end"
bones/14/parent = 13
bones/14/rest = Transform3D(1, 0, 0, 0, 1, 0, 0, 0, 1, 0, 0.0301714, 0)
bones/14/enabled = true
bones/14/position = Vector3(0, 0.0301714, 0)
bones/14/rotation = Quaternion(0, 0, 0, 1)
bones/14/scale = Vector3(1, 1, 1)
bones/15/name = "CC_Base_L_IndexToe1"
bones/15/parent = 8
bones/15/rest = Transform3D(0.996106, 0.00271843, 0.0881198, -0.0281434, 0.957033, 0.28861, -0.083549, -0.289966, 0.953383, 0.0163844, 0.0252042, 0.00308838)
bones/15/enabled = true
bones/15/position = Vector3(0.0163846, 0.0252042, 0.00308843)
bones/15/rotation = Quaternion(-0.146364, 0.0434275, -0.00780722, 0.988246)
bones/15/scale = Vector3(1, 1, 1)
bones/16/name = "CC_Base_L_IndexToe1_end"
bones/16/parent = 15
bones/16/rest = Transform3D(1, 0, 0, 0, 1, 0, 0, 0, 1, 0, 0.0301714, 0)
bones/16/enabled = true
bones/16/position = Vector3(0, 0.0301714, 0)
bones/16/rotation = Quaternion(0, 0, 0, 1)
bones/16/scale = Vector3(1, 1, 1)
bones/17/name = "CC_Base_L_BigToe1"
bones/17/parent = 8
bones/17/rest = Transform3D(0.999986, 0.00529281, 0.00027109, -0.00529745, 0.99975, 0.0217525, -0.00015589, -0.0217537, 0.999763, 0.0386425, 0.0235495, 0.000448226)
bones/17/enabled = true
bones/17/position = Vector3(0.0386427, 0.0235495, 0.000448285)
bones/17/rotation = Quaternion(-0.0108773, 0.000106641, -0.0026477, 0.999937)
bones/17/scale = Vector3(1, 1, 1)
bones/18/name = "CC_Base_L_BigToe1_end"
bones/18/parent = 17
bones/18/rest = Transform3D(1, 0, 0, 0, 1, 0, 0, 0, 1, 0, 0.0301714, 0)
bones/18/enabled = true
bones/18/position = Vector3(0, 0.0301714, 0)
bones/18/rotation = Quaternion(0, 0, 0, 1)
bones/18/scale = Vector3(1, 1, 1)
bones/19/name = "CC_Base_L_CalfTwist01"
bones/19/parent = 4
bones/19/rest = Transform3D(1, 1.82521e-05, -6.35872e-07, -1.82521e-05, 1, 1.43928e-05, 6.36135e-07, -1.43927e-05, 1, -8.51422e-08, -3.9568e-08, -7.64373e-09)
bones/19/enabled = true
bones/19/position = Vector3(2.33628e-08, -8.35396e-08, 1.39838e-08)
bones/19/rotation = Quaternion(-7.20067e-06, -3.38263e-07, -9.24492e-06, 1)
bones/19/scale = Vector3(1, 1, 1)
bones/20/name = "CC_Base_L_CalfTwist02"
bones/20/parent = 19
bones/20/rest = Transform3D(1, 3.38055e-06, 2.43209e-05, -3.38061e-06, 1, 2.74645e-06, -2.43209e-05, -2.74654e-06, 1, -4.77011e-06, 0.234707, 3.36694e-05)
bones/20/enabled = true
bones/20/position = Vector3(-4.76961e-06, 0.234707, 3.36722e-05)
bones/20/rotation = Quaternion(-1.37251e-06, 1.21604e-05, -1.68893e-06, 1)
bones/20/scale = Vector3(1, 1, 1)
bones/21/name = "CC_Base_L_CalfTwist02_end"
bones/21/parent = 20
bones/21/rest = Transform3D(1, 0, 0, 0, 1, 0, 0, 0, 1, 0, 0.234707, 0)
bones/21/enabled = true
bones/21/position = Vector3(0, 0.234707, 0)
bones/21/rotation = Quaternion(0, 0, 0, 1)
bones/21/scale = Vector3(1, 1, 1)
bones/22/name = "CC_Base_L_KneeShareBone"
bones/22/parent = 4
bones/22/rest = Transform3D(0.999483, -1.32979e-05, 0.0321605, 1.36204e-05, 1, -9.81094e-06, -0.0321605, 1.02439e-05, 0.999483, -8.51422e-08, -3.9568e-08, -7.64373e-09)
bones/22/enabled = true
bones/22/position = Vector3(2.33628e-08, -8.35396e-08, 1.39838e-08)
bones/22/rotation = Quaternion(5.01151e-06, 0.0160823, 6.6131e-06, 0.999871)
bones/22/scale = Vector3(1, 1, 1)
bones/23/name = "CC_Base_L_KneeShareBone_end"
bones/23/parent = 22
bones/23/rest = Transform3D(1, 0, 0, 0, 1, 0, 0, 0, 1, 0, 0.156471, 0)
bones/23/enabled = true
bones/23/position = Vector3(0, 0.156471, 0)
bones/23/rotation = Quaternion(0, 0, 0, 1)
bones/23/scale = Vector3(1, 1, 1)
bones/24/name = "CC_Base_L_ThighTwist01"
bones/24/parent = 3
bones/24/rest = Transform3D(1, -1.54054e-05, -2.71873e-06, 1.54052e-05, 1, -4.59909e-05, 2.71944e-06, 4.59909e-05, 1, 1.90685e-08, -6.26221e-10, 2.29432e-08)
bones/24/enabled = true
bones/24/position = Vector3(1.67432e-08, -7.09388e-08, -3.55765e-09)
bones/24/rotation = Quaternion(2.29883e-05, -1.37609e-06, 7.58629e-06, 1)
bones/24/scale = Vector3(1, 1, 1)
bones/25/name = "CC_Base_L_ThighTwist02"
bones/25/parent = 24
bones/25/rest = Transform3D(1, 1.26631e-07, -3.93653e-06, -1.2663e-07, 1, 1.11633e-07, 3.93653e-06, -1.11632e-07, 1, 3.70201e-05, 0.226578, -1.16885e-05)
bones/25/enabled = true
bones/25/position = Vector3(3.69876e-05, 0.226578, -1.16735e-05)
bones/25/rotation = Quaternion(-5.9882e-08, -1.9683e-06, -6.43716e-08, 1)
bones/25/scale = Vector3(1, 1, 1)
bones/26/name = "CC_Base_L_ThighTwist02_end"
bones/26/parent = 25
bones/26/rest = Transform3D(1, 0, 0, 0, 1, 0, 0, 0, 1, 0, 0.226578, 0)
bones/26/enabled = true
bones/26/position = Vector3(0, 0.226578, 0)
bones/26/rotation = Quaternion(0, 0, 0, 1)
bones/26/scale = Vector3(1, 1, 1)
bones/27/name = "CC_Base_R_Thigh"
bones/27/parent = 2
bones/27/rest = Transform3D(-0.999832, 0.0183097, 0.000855127, -0.0179924, -0.989278, 0.144934, 0.00349966, 0.144895, 0.989436, -0.0936425, -0.0197906, 0.000767626)
bones/27/enabled = true
bones/27/position = Vector3(-0.0936425, -0.0197906, 0.000767617)
bones/27/rotation = Quaternion(0.00109163, 0.0726523, 0.997315, -0.0091)
bones/27/scale = Vector3(1, 1, 0.999995)
bones/28/name = "CC_Base_R_Calf"
bones/28/parent = 27
bones/28/rest = Transform3D(1, 0.0007131, -0.000326104, -0.000722867, 0.999519, -0.0310017, 0.00030384, 0.0310019, 0.99952, -6.70603e-05, 0.453156, -2.32751e-06)
bones/28/enabled = true
bones/28/position = Vector3(-6.70617e-05, 0.453155, -2.3311e-06)
bones/28/rotation = Quaternion(0.0155028, -0.000157505, -0.000359034, 0.99988)
bones/28/scale = Vector3(1, 1, 1)
bones/29/name = "CC_Base_R_KneeShareBone"
bones/29/parent = 28
bones/29/rest = Transform3D(0.999483, 1.323e-05, -0.0321604, -1.35581e-05, 1, -9.98199e-06, 0.0321604, 1.04129e-05, 0.999483, 1.12407e-07, -1.16431e-07, -1.38676e-09)
bones/29/enabled = true
bones/29/position = Vector3(2.56393e-08, -1.62832e-07, 1.3113e-08)
bones/29/rotation = Quaternion(5.09497e-06, -0.0160823, -6.61333e-06, 0.999871)
bones/29/scale = Vector3(1, 1, 1)
bones/30/name = "CC_Base_R_KneeShareBone_end"
bones/30/parent = 29
bones/30/rest = Transform3D(1, 0, 0, 0, 1, 0, 0, 0, 1, 0, 0.156471, 0)
bones/30/enabled = true
bones/30/position = Vector3(0, 0.156471, 0)
bones/30/rotation = Quaternion(0, 0, 0, 1)
bones/30/scale = Vector3(1, 1, 1)
bones/31/name = "CC_Base_R_Foot"
bones/31/parent = 28
bones/31/rest = Transform3D(0.994186, 0.107038, 0.0116911, -0.0118513, 0.216697, -0.976167, -0.10702, 0.970353, 0.216706, 1.06411e-06, 0.469414, 6.00292e-05)
bones/31/enabled = true
bones/31/position = Vector3(9.01298e-07, 0.469414, 6.00448e-05)
bones/31/rotation = Quaternion(0.624656, 0.0380957, -0.0381527, 0.779036)
bones/31/scale = Vector3(1, 1, 1)
bones/32/name = "CC_Base_R_ToeBase"
bones/32/parent = 31
bones/32/rest = Transform3D(0.998431, -0.0333499, -0.0449873, 0.0203363, 0.964417, -0.263604, 0.0521776, 0.262275, 0.963582, 1.54861e-06, 0.153623, 1.00434e-06)
bones/32/enabled = true
bones/32/position = Vector3(1.68417e-06, 0.153623, 8.81851e-07)
bones/32/rotation = Quaternion(0.132696, -0.0245178, 0.0135467, 0.990761)
bones/32/scale = Vector3(1, 1, 1)
bones/33/name = "CC_Base_R_BigToe1"
bones/33/parent = 32
bones/33/rest = Transform3D(0.999986, -0.00529259, -0.000267248, 0.00529715, 0.999749, 0.0217524, 0.000152054, -0.0217535, 0.999763, -0.0386426, 0.0235497, 0.000448365)
bones/33/enabled = true
bones/33/position = Vector3(-0.0386427, 0.0235497, 0.000448367)
bones/33/rotation = Quaternion(-0.0108772, -0.000104746, 0.00264758, 0.999937)
bones/33/scale = Vector3(1, 1, 1)
bones/34/name = "CC_Base_R_BigToe1_end"
bones/34/parent = 33
bones/34/rest = Transform3D(1, 0, 0, 0, 1, 0, 0, 0, 1, 0, 0.0301714, 0)
bones/34/enabled = true
bones/34/position = Vector3(0, 0.0301714, 0)
bones/34/rotation = Quaternion(0, 0, 0, 1)
bones/34/scale = Vector3(1, 1, 1)
bones/35/name = "CC_Base_R_PinkyToe1"
bones/35/parent = 32
bones/35/rest = Transform3D(0.995544, -0.047608, -0.0813996, 0.0739812, 0.929574, 0.361136, 0.058474, -0.365549, 0.928953, 0.0285367, 0.00516738, -0.00526939)
bones/35/enabled = true
bones/35/position = Vector3(0.0285365, 0.00516741, -0.00526939)
bones/35/rotation = Quaternion(-0.185079, -0.0356242, 0.0309674, 0.981589)
bones/35/scale = Vector3(1, 1, 1)
bones/36/name = "CC_Base_R_PinkyToe1_end"
bones/36/parent = 35
bones/36/rest = Transform3D(1, 0, 0, 0, 1, 0, 0, 0, 1, 0, 0.0301714, 0)
bones/36/enabled = true
bones/36/position = Vector3(0, 0.0301714, 0)
bones/36/rotation = Quaternion(0, 0, 0, 1)
bones/36/scale = Vector3(1, 1, 1)
bones/37/name = "CC_Base_R_RingToe1"
bones/37/parent = 32
bones/37/rest = Transform3D(0.994057, -0.0151898, -0.107796, 0.0582426, 0.910785, 0.408752, 0.09197, -0.412601, 0.906257, 0.014368, 0.0158628, -0.00123663)
bones/37/enabled = true
bones/37/position = Vector3(0.0143679, 0.0158628, -0.00123663)
bones/37/rotation = Quaternion(-0.210366, -0.0511641, 0.0188076, 0.976102)
bones/37/scale = Vector3(1, 1, 1)
bones/38/name = "CC_Base_R_RingToe1_end"
bones/38/parent = 37
bones/38/rest = Transform3D(1, 0, 0, 0, 1, 0, 0, 0, 1, 0, 0.0301714, 0)
bones/38/enabled = true
bones/38/position = Vector3(0, 0.0301714, 0)
bones/38/rotation = Quaternion(0, 0, 0, 1)
bones/38/scale = Vector3(1, 1, 1)
bones/39/name = "CC_Base_R_IndexToe1"
bones/39/parent = 32
bones/39/rest = Transform3D(0.996106, -0.00271896, -0.0881154, 0.0281424, 0.957034, 0.288607, 0.0835447, -0.289963, 0.953384, -0.0163844, 0.0252044, 0.00308847)
bones/39/enabled = true
bones/39/position = Vector3(-0.0163846, 0.0252044, 0.00308847)
bones/39/rotation = Quaternion(-0.146363, -0.0434254, 0.0078071, 0.988247)
bones/39/scale = Vector3(1, 1, 1)
bones/40/name = "CC_Base_R_IndexToe1_end"
bones/40/parent = 39
bones/40/rest = Transform3D(1, 0, 0, 0, 1, 0, 0, 0, 1, 0, 0.0301714, 0)
bones/40/enabled = true
bones/40/position = Vector3(0, 0.0301714, 0)
bones/40/rotation = Quaternion(0, 0, 0, 1)
bones/40/scale = Vector3(1, 1, 1)
bones/41/name = "CC_Base_R_MidToe1"
bones/41/parent = 32
bones/41/rest = Transform3D(0.996883, -0.00659092, -0.0786123, 0.0272465, 0.963947, 0.264695, 0.0740335, -0.266012, 0.961122, -2.40989e-07, 0.0244683, -9.28582e-09)
bones/41/enabled = true
bones/41/position = Vector3(-3.99053e-07, 0.0244683, -1.01328e-08)
bones/41/rotation = Quaternion(-0.13399, -0.0385392, 0.0085431, 0.990196)
bones/41/scale = Vector3(1, 1, 1)
bones/42/name = "CC_Base_R_MidToe1_end"
bones/42/parent = 41
bones/42/rest = Transform3D(1, 0, 0, 0, 1, 0, 0, 0, 1, 0, 0.0301714, 0)
bones/42/enabled = true
bones/42/position = Vector3(0, 0.0301714, 0)
bones/42/rotation = Quaternion(0, 0, 0, 1)
bones/42/scale = Vector3(1, 1, 1)
bones/43/name = "CC_Base_R_ToeBaseShareBone"
bones/43/parent = 31
bones/43/rest = Transform3D(0.998415, -0.0333486, -0.045345, 0.0202412, 0.96442, -0.263601, 0.0525223, 0.262265, 0.963566, 1.54863e-06, 0.153623, 9.99702e-07)
bones/43/enabled = true
bones/43/position = Vector3(1.68536e-06, 0.153623, 8.79467e-07)
bones/43/rotation = Quaternion(0.132693, -0.0246952, 0.0135224, 0.990757)
bones/43/scale = Vector3(1, 1, 1)
bones/44/name = "CC_Base_R_ToeBaseShareBone_end"
bones/44/parent = 43
bones/44/rest = Transform3D(1, 0, 0, 0, 1, 0, 0, 0, 1, 0, 0.153622, 0)
bones/44/enabled = true
bones/44/position = Vector3(0, 0.153622, 0)
bones/44/rotation = Quaternion(0, 0, 0, 1)
bones/44/scale = Vector3(1, 1, 1)
bones/45/name = "CC_Base_R_CalfTwist01"
bones/45/parent = 28
bones/45/rest = Transform3D(1, -1.83578e-05, 5.01219e-07, 1.83578e-05, 1, 1.41351e-05, -5.01479e-07, -1.41351e-05, 1, 1.12407e-07, -1.16431e-07, -1.38676e-09)
bones/45/enabled = true
bones/45/position = Vector3(2.56393e-08, -1.62832e-07, 1.3113e-08)
bones/45/rotation = Quaternion(-7.07381e-06, 2.65121e-07, 9.26412e-06, 1)
bones/45/scale = Vector3(1, 1, 1)
bones/46/name = "CC_Base_R_CalfTwist02"
bones/46/parent = 45
bones/46/rest = Transform3D(1, -3.3568e-06, -2.41018e-05, 3.35687e-06, 1, 2.83557e-06, 2.41018e-05, -2.83565e-06, 1, 4.75869e-06, 0.234707, 3.36516e-05)
bones/46/enabled = true
bones/46/position = Vector3(4.77249e-06, 0.234707, 3.36642e-05)
bones/46/rotation = Quaternion(-1.41754e-06, -1.20509e-05, 1.67523e-06, 1)
bones/46/scale = Vector3(1, 1, 1)
bones/47/name = "CC_Base_R_CalfTwist02_end"
bones/47/parent = 46
bones/47/rest = Transform3D(1, 0, 0, 0, 1, 0, 0, 0, 1, 0, 0.234707, 0)
bones/47/enabled = true
bones/47/position = Vector3(0, 0.234707, 0)
bones/47/rotation = Quaternion(0, 0, 0, 1)
bones/47/scale = Vector3(1, 1, 1)
bones/48/name = "CC_Base_R_ThighTwist01"
bones/48/parent = 27
bones/48/rest = Transform3D(1, 1.53612e-05, 2.73867e-06, -1.5361e-05, 1, -4.59753e-05, -2.73937e-06, 4.59753e-05, 1, 2.18674e-08, 1.51936e-07, 9.74399e-09)
bones/48/enabled = true
bones/48/position = Vector3(3.07414e-08, -5.47525e-08, 6.04428e-09)
bones/48/rotation = Quaternion(2.29857e-05, 1.38136e-06, -7.59733e-06, 1)
bones/48/scale = Vector3(1, 1, 1)
bones/49/name = "CC_Base_R_ThighTwist02"
bones/49/parent = 48
bones/49/rest = Transform3D(1, -1.30331e-07, 3.93538e-06, 1.30331e-07, 1, 8.68494e-09, -3.93538e-06, -8.68443e-09, 1, -3.69834e-05, 0.226577, -1.16436e-05)
bones/49/enabled = true
bones/49/position = Vector3(-3.69978e-05, 0.226578, -1.16539e-05)
bones/49/rotation = Quaternion(-2.95677e-09, 1.9677e-06, 6.34268e-08, 1)
bones/49/scale = Vector3(1, 1, 1)
bones/50/name = "CC_Base_R_ThighTwist02_end"
bones/50/parent = 49
bones/50/rest = Transform3D(1, 0, 0, 0, 1, 0, 0, 0, 1, 0, 0.226578, 0)
bones/50/enabled = true
bones/50/position = Vector3(0, 0.226578, 0)
bones/50/rotation = Quaternion(0, 0, 0, 1)
bones/50/scale = Vector3(1, 1, 1)
bones/51/name = "CC_Base_Waist"
bones/51/parent = 1
bones/51/rest = Transform3D(1, 0, 0, 0, 0.972436, -0.23317, 0, 0.23317, 0.972436, 0, 0.0805826, 0.0153272)
bones/51/enabled = true
bones/51/position = Vector3(0, 0.0805826, 0.0153272)
bones/51/rotation = Quaternion(0.117397, 0, 0, 0.993085)
bones/51/scale = Vector3(1, 1, 1)
bones/52/name = "CC_Base_Spine01"
bones/52/parent = 51
bones/52/rest = Transform3D(1, 0, 0, 0, 0.936055, 0.351855, 0, -0.351855, 0.936055, 0, 0.0444439, 5.51771e-08)
bones/52/enabled = true
bones/52/position = Vector3(0, 0.044444, 2.86102e-08)
bones/52/rotation = Quaternion(-0.178809, 0, 0, 0.983884)
bones/52/scale = Vector3(1, 1, 1)
bones/53/name = "CC_Base_Spine02"
bones/53/parent = 52
bones/53/rest = Transform3D(1, 0, 0, 0, 0.997588, 0.0694167, 0, -0.0694166, 0.997588, 0, 0.145983, 1.77928e-08)
bones/53/enabled = true
bones/53/position = Vector3(0, 0.145982, -1.01328e-08)
bones/53/rotation = Quaternion(-0.0347293, 0, 0, 0.999397)
bones/53/scale = Vector3(1, 1, 1)
bones/54/name = "CC_Base_NeckTwist01"
bones/54/parent = 53
bones/54/rest = Transform3D(1, -1.78741e-07, 4.44527e-08, 1.78741e-07, 0.883503, -0.468427, 4.44531e-08, 0.468427, 0.883502, -3.17491e-15, 0.288094, -1.12024e-07)
bones/54/enabled = true
bones/54/position = Vector3(-2.50002e-15, 0.288094, -1.28746e-07)
bones/54/rotation = Quaternion(0.241348, -1.00676e-13, 9.20931e-08, 0.970439)
bones/54/scale = Vector3(1, 1, 1)
bones/55/name = "CC_Base_NeckTwist02"
bones/55/parent = 54
bones/55/rest = Transform3D(1, 1.8067e-07, 1.01618e-08, -1.8067e-07, 0.993693, 0.112133, 1.01613e-08, -0.112133, 0.993693, 6.52969e-10, 0.0389232, 1.15866e-07)
bones/55/enabled = true
bones/55/position = Vector3(6.52978e-10, 0.0389233, 1.0252e-07)
bones/55/rotation = Quaternion(-0.0561552, 1.2721e-13, -9.04777e-08, 0.998422)
bones/55/scale = Vector3(1, 1, 1)
bones/56/name = "CC_Base_Head"
bones/56/parent = 55
bones/56/rest = Transform3D(1, -5.67767e-12, 5.15956e-12, 4.65337e-12, 0.983583, 0.180458, -6.09943e-12, -0.180458, 0.983583, 2.39448e-09, 0.0473274, -2.94708e-07)
bones/56/enabled = true
bones/56/position = Vector3(2.39453e-09, 0.0473272, -2.90871e-07)
bones/56/rotation = Quaternion(-0.0906016, 2.8242e-12, 2.59627e-12, 0.995887)
bones/56/scale = Vector3(1, 1, 1)
bones/57/name = "CC_Base_FacialBone"
bones/57/parent = 56
bones/57/rest = Transform3D(5.96046e-08, 2.98023e-08, 1, 1, 1.90735e-06, -2.98023e-08, -1.90735e-06, 1, 0, 1.10029e-14, 4.57764e-07, -7.39098e-08)
bones/57/enabled = true
bones/57/position = Vector3(-1.55609e-14, 2.2977e-09, -5.74291e-08)
bones/57/rotation = Quaternion(0.5, 0.5, 0.5, 0.5)
bones/57/scale = Vector3(1, 1, 1)
bones/58/name = "CC_Base_JawRoot"
bones/58/parent = 57
bones/58/rest = Transform3D(3.86238e-05, -1, -0.000143135, 1, 3.86238e-05, 2.37563e-05, -2.37508e-05, -0.000143136, 1, 0.0168773, 0.018929, 0.000337324)
bones/58/enabled = true
bones/58/position = Vector3(0.0168775, 0.0189289, 0.000337325)
bones/58/rotation = Quaternion(-5.90042e-05, -4.22079e-05, 0.707093, 0.707121)
bones/58/scale = Vector3(1, 1, 1)
bones/59/name = "CC_Base_Tongue01"
bones/59/parent = 58
bones/59/rest = Transform3D(0.983146, -0.182797, -0.00298644, 0.182796, 0.983151, -0.00048207, 0.00302424, -7.19651e-05, 0.999995, 0.0364219, 0.0121272, -1.58134e-05)
bones/59/enabled = true
bones/59/position = Vector3(0.0364219, 0.0121275, -1.58134e-05)
bones/59/rotation = Quaternion(0.000102961, -0.00150904, 0.091786, 0.995778)
bones/59/scale = Vector3(1, 1, 1)
bones/60/name = "CC_Base_Tongue02"
bones/60/parent = 59
bones/60/rest = Transform3D(0.99424, -0.10717, -0.00141201, 0.10717, 0.99424, -0.000637765, 0.00147223, 0.000482767, 0.999999, 0.0113824, 0.000241351, -1.12485e-07)
bones/60/enabled = true
bones/60/position = Vector3(0.0113824, 0.000241024, -1.12345e-07)
bones/60/rotation = Quaternion(0.000280537, -0.000722099, 0.0536624, 0.998559)
bones/60/scale = Vector3(1, 1, 1)
bones/61/name = "CC_Base_Tongue03"
bones/61/parent = 60
bones/61/rest = Transform3D(1, -0.000301431, 5.4032e-07, 0.000301431, 1, 3.07009e-06, -5.41246e-07, -3.06992e-06, 1, 0.016737, 9.43163e-05, -5.45092e-07)
bones/61/enabled = true
bones/61/position = Vector3(0.0167371, 9.48448e-05, -5.44954e-07)
bones/61/rotation = Quaternion(-1.53521e-06, 2.70025e-07, 0.000150715, 1)
bones/61/scale = Vector3(1, 1, 1)
bones/62/name = "CC_Base_Tongue03_end"
bones/62/parent = 61
bones/62/rest = Transform3D(1, 0, 0, 0, 1, 0, 0, 0, 1, 0, 0.0167373, 0)
bones/62/enabled = true
bones/62/position = Vector3(0, 0.0167373, 0)
bones/62/rotation = Quaternion(0, 0, 0, 1)
bones/62/scale = Vector3(1, 1, 1)
bones/63/name = "CC_Base_Teeth02"
bones/63/parent = 58
bones/63/rest = Transform3D(1, -9.91548e-06, 0.000193987, -9.97796e-06, -1, 0.000322095, 0.000193984, -0.000322096, -1, 0.0275629, 0.00809422, 7.27311e-05)
bones/63/enabled = true
bones/63/position = Vector3(0.0275629, 0.00809457, 7.2731e-05)
bones/63/rotation = Quaternion(1, -4.97335e-06, 9.69926e-05, -0.000161127)
bones/63/scale = Vector3(1, 1, 1)
bones/64/name = "CC_Base_Teeth02_end"
bones/64/parent = 63
bones/64/rest = Transform3D(1, 0, 0, 0, 1, 0, 0, 0, 1, 0, 0.0335574, 0)
bones/64/enabled = true
bones/64/position = Vector3(0, 0.0335574, 0)
bones/64/rotation = Quaternion(0, 0, 0, 1)
bones/64/scale = Vector3(1, 1, 1)
bones/65/name = "CC_Base_R_Eye"
bones/65/parent = 57
bones/65/rest = Transform3D(-0.000129104, 0.000153908, 1, -0.00013873, -1, 0.000153891, 1, -0.00013871, 0.000129163, 0.0767076, 0.0750755, -0.03113)
bones/65/enabled = true
bones/65/position = Vector3(0.0767078, 0.0750755, -0.03113)
bones/65/rotation = Quaternion(0.707109, 5.44226e-05, 0.707104, -5.4423e-05)
bones/65/scale = Vector3(1, 1, 1)
bones/66/name = "CC_Base_R_Eye_end"
bones/66/parent = 65
bones/66/rest = Transform3D(1, 0, 0, 0, 1, 0, 0, 0, 1, 0, 0.0804129, 0)
bones/66/enabled = true
bones/66/position = Vector3(0, 0.0804129, 0)
bones/66/rotation = Quaternion(0, 0, 0, 1)
bones/66/scale = Vector3(1, 1, 1)
bones/67/name = "CC_Base_L_Eye"
bones/67/parent = 57
bones/67/rest = Transform3D(0.000129342, -0.000138965, 1, 0.000154148, -1, -0.000138985, 1, 0.000154166, -0.000129461, 0.0769553, 0.0758004, 0.0306308)
bones/67/enabled = true
bones/67/position = Vector3(0.0769555, 0.0758004, 0.0306308)
bones/67/rotation = Quaternion(0.707109, -4.91121e-05, 0.707104, 4.91125e-05)
bones/67/scale = Vector3(1, 1, 1)
bones/68/name = "CC_Base_L_Eye_end"
bones/68/parent = 67
bones/68/rest = Transform3D(1, 0, 0, 0, 1, 0, 0, 0, 1, 0, 0.0804129, 0)
bones/68/enabled = true
bones/68/position = Vector3(0, 0.0804129, 0)
bones/68/rotation = Quaternion(0, 0, 0, 1)
bones/68/scale = Vector3(1, 1, 1)
bones/69/name = "CC_Base_UpperJaw"
bones/69/parent = 57
bones/69/rest = Transform3D(-1.51396e-05, -1, -3.99404e-06, 1, -1.51396e-05, -8.27936e-05, 8.27935e-05, -3.9953e-06, 1, 0.0309717, 0.0652811, 0.000202148)
bones/69/enabled = true
bones/69/position = Vector3(0.0309718, 0.0652811, 0.000202148)
bones/69/rotation = Quaternion(2.78653e-05, -3.06843e-05, 0.707112, 0.707101)
bones/69/scale = Vector3(1, 1, 1)
bones/70/name = "CC_Base_Teeth01"
bones/70/parent = 69
bones/70/rest = Transform3D(1, -4.14806e-05, -6.83396e-05, -4.14835e-05, -1, -4.31382e-05, -6.83378e-05, 4.3141e-05, -1, -0.00761618, -0.00530187, 0.000208176)
bones/70/enabled = true
bones/70/position = Vector3(-0.0076162, -0.0053016, 0.000208176)
bones/70/rotation = Quaternion(1, -2.08606e-05, -3.41734e-05, 2.16517e-05)
bones/70/scale = Vector3(1, 1, 1)
bones/71/name = "CC_Base_Teeth01_end"
bones/71/parent = 70
bones/71/rest = Transform3D(1, 0, 0, 0, 1, 0, 0, 0, 1, 0, 0.00928223, 0)
bones/71/enabled = true
bones/71/position = Vector3(0, 0.00928223, 0)
bones/71/rotation = Quaternion(0, 0, 0, 1)
bones/71/scale = Vector3(1, 1, 1)
bones/72/name = "CC_Base_L_Clavicle"
bones/72/parent = 53
bones/72/rest = Transform3D(-0.00196672, 0.974402, 0.224804, -0.980271, 0.0425538, -0.193024, -0.197649, -0.220748, 0.955094, 0.0588762, 0.230509, 0.000506561)
bones/72/enabled = true
bones/72/position = Vector3(0.0588762, 0.230509, 0.000506582)
bones/72/rotation = Quaternion(-0.00981309, 0.149521, -0.691828, 0.706343)
bones/72/scale = Vector3(1, 1, 1)
bones/73/name = "CC_Base_L_Upperarm"
bones/73/parent = 72
bones/73/rest = Transform3D(0.859699, 0.510739, -0.00797242, -0.497996, 0.834572, -0.235562, -0.113657, 0.206483, 0.971827, -1.88402e-10, 0.129774, -2.30006e-07)
bones/73/enabled = true
bones/73/position = Vector3(1.83433e-07, 0.129774, -1.06096e-07)
bones/73/rotation = Quaternion(0.115435, 0.0275983, -0.263418, 0.957353)
bones/73/scale = Vector3(1, 1, 1)
bones/74/name = "CC_Base_L_Forearm"
bones/74/parent = 73
bones/74/rest = Transform3D(0.999999, 0.00133777, -2.00437e-05, -0.00133733, 0.999891, 0.0146949, 3.96999e-05, -0.0146948, 0.999892, -2.00001e-05, 0.268985, -4.46102e-05)
bones/74/enabled = true
bones/74/position = Vector3(-1.96178e-05, 0.268985, -4.46162e-05)
bones/74/rotation = Quaternion(-0.00734762, -1.49375e-05, -0.000668773, 0.999973)
bones/74/scale = Vector3(1, 1, 1)
bones/75/name = "CC_Base_L_ForearmTwist01"
bones/75/parent = 74
bones/75/rest = Transform3D(1, 1.18389e-05, 7.36327e-06, -1.1839e-05, 1, 3.16337e-07, -7.36327e-06, -3.16424e-07, 1, 1.89655e-07, -1.98725e-08, 1.48548e-08)
bones/75/enabled = true
bones/75/position = Vector3(-2.48589e-07, -1.31186e-07, -5.36442e-09)
bones/75/rotation = Quaternion(-1.80822e-07, 3.65399e-06, -5.83449e-06, 1)
bones/75/scale = Vector3(1, 1, 1)
bones/76/name = "CC_Base_L_ForearmTwist02"
bones/76/parent = 75
bones/76/rest = Transform3D(1, -1.10128e-05, -5.23692e-07, 1.10128e-05, 1, -9.02231e-06, 5.23791e-07, 9.02231e-06, 1, -1.09076e-07, 0.128435, 6.10382e-06)
bones/76/enabled = true
bones/76/position = Vector3(-2.53338e-07, 0.128435, 6.10895e-06)
bones/76/rotation = Quaternion(4.51127e-06, -2.616e-07, 5.51316e-06, 1)
bones/76/scale = Vector3(1, 1, 1)
bones/77/name = "CC_Base_L_ForearmTwist02_end"
bones/77/parent = 76
bones/77/rest = Transform3D(1, 0, 0, 0, 1, 0, 0, 0, 1, 0, 0.128435, 0)
bones/77/enabled = true
bones/77/position = Vector3(0, 0.128435, 0)
bones/77/rotation = Quaternion(0, 0, 0, 1)
bones/77/scale = Vector3(1, 1, 1)
bones/78/name = "CC_Base_L_ElbowShareBone"
bones/78/parent = 74
bones/78/rest = Transform3D(0.999999, 0.000669838, 0.000856502, -0.000670628, 0.999999, 0.000921797, -0.000855884, -0.000922371, 0.999999, 1.89655e-07, -1.98725e-08, 1.48548e-08)
bones/78/enabled = true
bones/78/position = Vector3(-2.48589e-07, -1.31186e-07, -5.36442e-09)
bones/78/rotation = Quaternion(-0.000461064, 0.00042807, -0.000335023, 1)
bones/78/scale = Vector3(1, 1, 1)
bones/79/name = "CC_Base_L_ElbowShareBone_end"
bones/79/parent = 78
bones/79/rest = Transform3D(1, 0, 0, 0, 1, 0, 0, 0, 1, 0, 0.0856235, 0)
bones/79/enabled = true
bones/79/position = Vector3(0, 0.0856235, 0)
bones/79/rotation = Quaternion(0, 0, 0, 1)
bones/79/scale = Vector3(1, 1, 1)
bones/80/name = "CC_Base_L_Hand"
bones/80/parent = 74
bones/80/rest = Transform3D(0.999974, 0.0057665, -0.00427092, -0.00530198, 0.994794, 0.101766, 0.00483552, -0.101741, 0.994799, 5.75994e-07, 0.25687, 1.71726e-06)
bones/80/enabled = true
bones/80/position = Vector3(1.76542e-07, 0.25687, 1.70499e-06)
bones/80/rotation = Quaternion(-0.0509431, -0.00227962, -0.00277063, 0.998695)
bones/80/scale = Vector3(1, 1, 1)
bones/81/name = "CC_Base_L_Pinky1"
bones/81/parent = 80
bones/81/rest = Transform3D(0.999717, -0.0227091, 0.00710772, 0.0234383, 0.991315, -0.129405, -0.00410731, 0.129535, 0.991566, 0.0058673, 0.0914108, -0.0177245)
bones/81/enabled = true
bones/81/position = Vector3(0.00586715, 0.0914108, -0.0177245)
bones/81/rotation = Quaternion(0.0648764, 0.00280988, 0.011562, 0.997822)
bones/81/scale = Vector3(1, 1, 1)
bones/82/name = "CC_Base_L_Pinky2"
bones/82/parent = 81
bones/82/rest = Transform3D(0.999985, -0.00384179, -0.00384208, 0.00376024, 0.999772, -0.0210111, 0.00392193, 0.0209964, 0.999772, -1.97249e-07, 0.0334531, 7.87599e-10)
bones/82/enabled = true
bones/82/position = Vector3(-5.126e-08, 0.0334531, -2.38419e-09)
bones/82/rotation = Quaternion(0.0105025, -0.00194112, 0.00190062, 0.999941)
bones/82/scale = Vector3(1, 1, 1)
bones/83/name = "CC_Base_L_Pinky3"
bones/83/parent = 82
bones/83/rest = Transform3D(0.993817, -0.110952, 0.00410084, 0.110808, 0.993497, 0.0261661, -0.00697735, -0.02555, 0.999649, 1.32971e-07, 0.0176475, 6.18941e-09)
bones/83/enabled = true
bones/83/position = Vector3(-6.49132e-09, 0.0176474, -7.15256e-09)
bones/83/rotation = Quaternion(-0.0129501, 0.00277407, 0.0555304, 0.998369)
bones/83/scale = Vector3(1, 1, 1)
bones/84/name = "CC_Base_L_Pinky3_end"
bones/84/parent = 83
bones/84/rest = Transform3D(1, 0, 0, 0, 1, 0, 0, 0, 1, 0, 0.0176474, 0)
bones/84/enabled = true
bones/84/position = Vector3(0, 0.0176474, 0)
bones/84/rotation = Quaternion(0, 0, 0, 1)
bones/84/scale = Vector3(1, 1, 1)
bones/85/name = "CC_Base_L_Ring1"
bones/85/parent = 80
bones/85/rest = Transform3D(0.99997, -0.00234742, 0.00730563, 0.00318542, 0.993139, -0.116899, -0.0069811, 0.116919, 0.993117, 1.47677e-07, 0.0892326, 6.11304e-07)
bones/85/enabled = true
bones/85/position = Vector3(-1.98474e-07, 0.0892327, 6.19888e-07)
bones/85/rotation = Quaternion(0.0585554, 0.00357785, 0.0013856, 0.998277)
bones/85/scale = Vector3(1, 1, 1)
bones/86/name = "CC_Base_L_Ring2"
bones/86/parent = 85
bones/86/rest = Transform3D(0.999484, 0.0319959, -0.00266243, -0.0319964, 0.999488, -0.000144086, 0.00265646, 0.0002292, 0.999996, -3.84445e-08, 0.0464845, 2.25074e-08)
bones/86/enabled = true
bones/86/position = Vector3(1.66595e-07, 0.0464844, -6.92904e-09)
bones/86/rotation = Quaternion(9.33301e-05, -0.0013299, -0.0160001, 0.999871)
bones/86/scale = Vector3(1, 1, 1)
bones/87/name = "CC_Base_L_Ring3"
bones/87/parent = 86
bones/87/rest = Transform3D(0.997583, -0.0694508, 0.00236051, 0.0694183, 0.997518, 0.0118237, -0.00317582, -0.0116313, 0.999927, -4.28401e-08, 0.0270299, -7.261e-09)
bones/87/enabled = true
bones/87/position = Vector3(3.90597e-08, 0.02703, 4.47035e-09)
bones/87/rotation = Quaternion(-0.00586741, 0.00138494, 0.0347389, 0.999378)
bones/87/scale = Vector3(1, 1, 1)
bones/88/name = "CC_Base_L_Ring3_end"
bones/88/parent = 87
bones/88/rest = Transform3D(1, 0, 0, 0, 1, 0, 0, 0, 1, 0, 0.0270301, 0)
bones/88/enabled = true
bones/88/position = Vector3(0, 0.0270301, 0)
bones/88/rotation = Quaternion(0, 0, 0, 1)
bones/88/scale = Vector3(1, 1, 1)
bones/89/name = "CC_Base_L_Mid1"
bones/89/parent = 80
bones/89/rest = Transform3D(0.999904, 0.0138174, -0.000667349, -0.0137787, 0.990496, -0.136851, -0.00122992, 0.136847, 0.990591, -0.00580314, 0.089892, 0.0184018)
bones/89/enabled = true
bones/89/position = Vector3(-0.00580341, 0.089892, 0.0184018)
bones/89/rotation = Quaternion(0.0685879, 0.000140982, -0.00691546, 0.997621)
bones/89/scale = Vector3(1, 1, 1)
bones/90/name = "CC_Base_L_Mid2"
bones/90/parent = 89
bones/90/rest = Transform3D(0.999769, 0.0205449, 0.00635172, -0.0204783, 0.999736, -0.0103841, -0.00656339, 0.0102517, 0.999926, -1.31285e-06, 0.0486395, -2.54304e-06)
bones/90/enabled = true
bones/90/position = Vector3(-1.29265e-06, 0.0486396, -2.55942e-06)
bones/90/rotation = Quaternion(0.0051593, 0.00322901, -0.0102566, 0.999929)
bones/90/scale = Vector3(1, 1, 1)
bones/91/name = "CC_Base_L_Mid3"
bones/91/parent = 90
bones/91/rest = Transform3D(0.999223, -0.0393466, 0.00226921, 0.0393683, 0.99917, -0.010489, -0.00185462, 0.0105702, 0.999942, -2.12088e-07, 0.0308155, 2.68457e-07)
bones/91/enabled = true
bones/91/position = Vector3(-9.25362e-08, 0.0308153, 2.57492e-07)
bones/91/rotation = Quaternion(0.00526588, 0.00103118, 0.0196829, 0.999792)
bones/91/scale = Vector3(1, 1, 1)
bones/92/name = "CC_Base_L_Mid3_end"
bones/92/parent = 91
bones/92/rest = Transform3D(1, 0, 0, 0, 1, 0, 0, 0, 1, 0, 0.0308155, 0)
bones/92/enabled = true
bones/92/position = Vector3(0, 0.0308155, 0)
bones/92/rotation = Quaternion(0, 0, 0, 1)
bones/92/scale = Vector3(1, 1, 1)
bones/93/name = "CC_Base_L_Index1"
bones/93/parent = 80
bones/93/rest = Transform3D(0.999473, 0.0323391, -0.00280833, -0.0324479, 0.99289, -0.114524, -0.000915256, 0.114555, 0.993416, -0.00532248, 0.087093, 0.0405684)
bones/93/enabled = true
bones/93/position = Vector3(-0.0053227, 0.087093, 0.0405684)
bones/93/rotation = Quaternion(0.057372, -0.000474104, -0.0162256, 0.998221)
bones/93/scale = Vector3(1, 1, 1)
bones/94/name = "CC_Base_L_Index2"
bones/94/parent = 93
bones/94/rest = Transform3D(0.998905, 0.045644, 0.0102672, -0.0454017, 0.998711, -0.0227089, -0.0112905, 0.0222179, 0.999689, -5.3095e-07, 0.0425315, -1.03092e-07)
bones/94/enabled = true
bones/94/position = Vector3(-1.59228e-07, 0.0425315, -1.09077e-07)
bones/94/rotation = Quaternion(0.0112355, 0.00539124, -0.0227691, 0.999663)
bones/94/scale = Vector3(1, 1, 1)
bones/95/name = "CC_Base_L_Index3"
bones/95/parent = 94
bones/95/rest = Transform3D(0.99865, -0.0517957, 0.00391264, 0.0518551, 0.998509, -0.0170336, -0.00302454, 0.0172135, 0.999847, 1.07172e-07, 0.0286802, -3.67646e-08)
bones/95/enabled = true
bones/95/position = Vector3(-4.33251e-08, 0.0286802, -4.52995e-08)
bones/95/rotation = Quaternion(0.00856496, 0.00173495, 0.0259224, 0.999626)
bones/95/scale = Vector3(1, 1, 1)
bones/96/name = "CC_Base_L_Index3_end"
bones/96/parent = 95
bones/96/rest = Transform3D(1, 0, 0, 0, 1, 0, 0, 0, 1, 0, 0.0286802, 0)
bones/96/enabled = true
bones/96/position = Vector3(0, 0.0286802, 0)
bones/96/rotation = Quaternion(0, 0, 0, 1)
bones/96/scale = Vector3(1, 1, 1)
bones/97/name = "CC_Base_L_Thumb1"
bones/97/parent = 80
bones/97/rest = Transform3D(0.970155, -0.0247818, -0.241216, -0.17681, 0.608468, -0.773631, 0.165944, 0.793191, 0.585926, 0.00435851, 0.0160532, 0.0270175)
bones/97/enabled = true
bones/97/position = Vector3(0.00435837, 0.0160532, 0.0270175)
bones/97/rotation = Quaternion(0.440386, -0.114441, -0.0427306, 0.889459)
bones/97/scale = Vector3(1, 1, 1)
bones/98/name = "CC_Base_L_Thumb2"
bones/98/parent = 97
bones/98/rest = Transform3D(0.996916, -0.0777212, -0.01087, 0.0764667, 0.930852, 0.357305, -0.0176519, -0.357035, 0.933924, -6.13432e-08, 0.0588607, -7.5797e-08)
bones/98/enabled = true
bones/98/position = Vector3(-2.7433e-07, 0.0588607, -1.50204e-07)
bones/98/rotation = Quaternion(-0.181755, 0.00172554, 0.0392312, 0.982559)
bones/98/scale = Vector3(1, 1, 1)
bones/99/name = "CC_Base_L_Thumb3"
bones/99/parent = 98
bones/99/rest = Transform3D(0.996985, -0.0775061, 0.00370931, 0.0775678, 0.99676, -0.021267, -0.00204897, 0.0214906, 0.999767, -2.66214e-07, 0.0303063, -1.87327e-07)
bones/99/enabled = true
bones/99/position = Vector3(-3.45707e-08, 0.0303064, -1.54972e-08)
bones/99/rotation = Quaternion(0.0106981, 0.00144077, 0.0388, 0.999189)
bones/99/scale = Vector3(1, 1, 1)
bones/100/name = "CC_Base_L_Thumb3_end"
bones/100/parent = 99
bones/100/rest = Transform3D(1, 0, 0, 0, 1, 0, 0, 0, 1, 0, 0.0303063, 0)
bones/100/enabled = true
bones/100/position = Vector3(0, 0.0303063, 0)
bones/100/rotation = Quaternion(0, 0, 0, 1)
bones/100/scale = Vector3(1, 1, 1)
bones/101/name = "CC_Base_L_UpperarmTwist01"
bones/101/parent = 73
bones/101/rest = Transform3D(0.999996, -0.000197071, -0.00264068, 0.000198234, 1, 0.000440276, 0.00264059, -0.000440798, 0.999996, -3.50073e-07, -8.85243e-09, 1.32391e-08)
bones/101/enabled = true
bones/101/position = Vector3(-1.79708e-07, -2.81855e-07, -2.05636e-08)
bones/101/rotation = Quaternion(-0.000220298, -0.00132035, 9.89866e-05, 0.999999)
bones/101/scale = Vector3(1, 1, 1)
bones/102/name = "CC_Base_L_UpperarmTwist02"
bones/102/parent = 101
bones/102/rest = Transform3D(0.999996, -8.80537e-07, 0.00264112, 8.86821e-07, 1, -2.37815e-06, -0.00264113, 2.38049e-06, 0.999996, 1.72079e-05, 0.134493, 3.76017e-05)
bones/102/enabled = true
bones/102/position = Vector3(1.69386e-05, 0.134492, 3.76228e-05)
bones/102/rotation = Quaternion(1.18997e-06, 0.00132056, 4.45692e-07, 0.999999)
bones/102/scale = Vector3(1, 1, 1)
bones/103/name = "CC_Base_L_UpperarmTwist02_end"
bones/103/parent = 102
bones/103/rest = Transform3D(1, 0, 0, 0, 1, 0, 0, 0, 1, 0, 0.134492, 0)
bones/103/enabled = true
bones/103/position = Vector3(0, 0.134492, 0)
bones/103/rotation = Quaternion(0, 0, 0, 1)
bones/103/scale = Vector3(1, 1, 1)
bones/104/name = "CC_Base_L_RibsTwist"
bones/104/parent = 53
bones/104/rest = Transform3D(-1, 7.15258e-06, 1.26577e-05, 1.10441e-05, -0.192494, 0.981298, 9.45534e-06, 0.981298, 0.192494, 0.109738, 0.0741192, 0.100848)
bones/104/enabled = true
bones/104/position = Vector3(0.109738, 0.0741195, 0.100848)
bones/104/rotation = Quaternion(7.18292e-06, 0.635416, 0.77217, 1.28856e-06)
bones/104/scale = Vector3(1, 1, 1)
bones/105/name = "CC_Base_L_Breast"
bones/105/parent = 104
bones/105/rest = Transform3D(1, 1.54435e-12, -9.63208e-08, -1.52921e-12, 1, 1.57199e-07, 9.63208e-08, -1.57199e-07, 1, 1.52601e-07, 0.0199999, 1.06492e-06)
bones/105/enabled = true
bones/105/position = Vector3(1.36027e-07, 0.0199999, 9.7769e-07)
bones/105/rotation = Quaternion(-8.19984e-08, -4.81599e-08, -3.34954e-13, 1)
bones/105/scale = Vector3(1, 1, 1)
bones/106/name = "CC_Base_L_Breast_end"
bones/106/parent = 105
bones/106/rest = Transform3D(1, 0, 0, 0, 1, 0, 0, 0, 1, 0, 0.0199999, 0)
bones/106/enabled = true
