[gd_scene load_steps=7 format=3 uid="uid://c1elrh34tcpp8"]

[ext_resource type="Script" uid="uid://bvafoev36j61j" path="res://mesh_merger.gd" id="1_0gncs"]
[ext_resource type="Texture2D" uid="uid://c7t06h6godycp" path="res://assets/case2.fbm/case2___meshes_Merge_Diffuse-__meshes_Merge_Opacity.png" id="2_ju7te"]
[ext_resource type="Texture2D" uid="uid://2npmtqlm2msn" path="res://assets/eyebrow_case2.fbm/eyebrow_case2_Female_Brow_Merge_Transparency_Diffuse-Female_Brow_Merge_Transparency_Opacity.png" id="3_lmgif"]
[ext_resource type="Skin" path="res://combined_assets/combined_skin.tres" id="6_2ngax"]
[ext_resource type="ArrayMesh" uid="uid://dif8g4ruun3vm" path="res://assets/cc_beard_1.tres" id="7_2ngax"]

[sub_resource type="Skin" id="Skin_p6epj"]
resource_name = "Skin"
bind_count = 142
bind/0/name = &"RL_BoneRoot"
bind/0/bone = -1
bind/0/pose = Transform3D(1, -4.65661e-10, 3.35231e-08, 1.16415e-10, 1, 4.65661e-10, -2.62589e-08, -2.32816e-10, 1, 4.87454e-08, 7.15256e-09, -1.00788e-07)
bind/1/name = &"CC_Base_Hip"
bind/1/bone = -1
bind/1/pose = Transform3D(1, -4.65661e-10, 3.35231e-08, -2.62589e-08, -2.32816e-10, 1, -1.16415e-10, -1, -4.65661e-10, 4.87454e-08, -1.00701, -7.15258e-09)
bind/2/name = &"CC_Base_Pelvis"
bind/2/bone = -1
bind/2/pose = Transform3D(1, 1.43517e-08, -1.17071e-07, 1.24816e-07, -0.194898, 0.980823, -9.81369e-09, -0.980823, -0.194898, 2.00394e-07, -0.987695, 0.196264)
bind/3/name = &"CC_Base_L_Thigh"
bind/3/bone = -1
bind/3/pose = Transform3D(-0.99978, 1.24314e-05, 0.0209591, -0.0209587, 0.00602474, -0.999762, -0.000137967, -0.999985, -0.0060225, 0.0726329, 0.987929, 0.00793932)
bind/4/name = &"CC_Base_L_Calf"
bind/4/bone = -1
bind/4/pose = Transform3D(-0.999834, 0.000393954, 0.0181965, -0.0181755, 0.0311861, -0.999348, -0.00096044, -0.999517, -0.0311731, 0.0740668, 0.527402, 0.0212596)
bind/5/name = &"CC_Base_L_Foot"
bind/5/bone = -1
bind/5/pose = Transform3D(-0.994249, -0.107002, 0.00432215, 0.101886, -0.957596, -0.269507, 0.0329768, -0.267518, 0.962989, 0.0765103, 0.0258646, -0.0503973)
bind/6/name = &"CC_Base_L_ToeBaseShareBone"
bind/6/bone = -1
bind/6/pose = Transform3D(-0.998059, -0.044391, -0.0436801, 0.0405344, -0.995513, 0.0855426, -0.0472812, 0.0836057, 0.995377, 0.0850039, -0.121948, -0.00251345)
bind/7/name = &"CC_Base_L_ToeBaseShareBone_end"
bind/7/bone = -1
bind/7/pose = Transform3D(-0.998059, -0.0443909, -0.0436794, 0.0405344, -0.995513, 0.0855426, -0.0472806, 0.0836058, 0.995377, 0.0850039, -0.264898, -0.00251351)
bind/8/name = &"CC_Base_L_ToeBase"
bind/8/bone = -1
bind/8/pose = Transform3D(-0.998076, -0.0443594, -0.0433016, 0.0405347, -0.995513, 0.0855426, -0.0469017, 0.0836226, 0.995393, 0.0850029, -0.121948, -0.00254578)
bind/9/name = &"CC_Base_L_PinkyToe1"
bind/9/bone = -1
bind/9/pose = Transform3D(-0.994783, -0.00320479, -0.101964, 0.0332678, -0.955061, -0.294544, -0.096437, -0.296401, 0.950183, 0.116709, -0.113901, -0.036477)
bind/10/name = &"CC_Base_L_PinkyToe1_end"
bind/10/bone = -1
bind/10/pose = Transform3D(-0.994783, -0.00320477, -0.101964, 0.0332678, -0.955062, -0.294544, -0.096437, -0.296401, 0.950183, 0.116709, -0.141414, -0.036477)
bind/11/name = &"CC_Base_L_RingToe1"
bind/11/bone = -1
bind/11/pose = Transform3D(-0.98937, -0.0338666, -0.141423, 0.0829879, -0.930092, -0.357836, -0.119417, -0.36577, 0.923013, 0.100649, -0.123165, -0.0512518)
bind/12/name = &"CC_Base_L_RingToe1_end"
bind/12/bone = -1
bind/12/pose = Transform3D(-0.98937, -0.0338668, -0.141422, 0.0829879, -0.930092, -0.357837, -0.119416, -0.365771, 0.923013, 0.100649, -0.150677, -0.0512519)
bind/13/name = &"CC_Base_L_MidToe1"
bind/13/bone = -1
bind/13/pose = Transform3D(-0.990703, -0.0640223, -0.120035, 0.0890574, -0.972219, -0.216482, -0.10284, -0.22516, 0.968879, 0.0830157, -0.139642, -0.0400528)
bind/14/name = &"CC_Base_L_MidToe1_end"
bind/14/bone = -1
bind/14/pose = Transform3D(-0.990703, -0.0640216, -0.120038, 0.0890574, -0.972219, -0.216482, -0.102843, -0.225161, 0.968879, 0.0830159, -0.167154, -0.0400526)
bind/15/name = &"CC_Base_L_IndexToe1"
bind/15/bone = -1
bind/15/pose = Transform3D(-0.989536, -0.0631571, -0.129729, 0.0927017, -0.967277, -0.236191, -0.110566, -0.245747, 0.963008, 0.0685383, -0.138955, -0.0463908)
bind/16/name = &"CC_Base_L_IndexToe1_end"
bind/16/bone = -1
bind/16/pose = Transform3D(-0.989536, -0.0631568, -0.12973, 0.0927018, -0.967278, -0.236191, -0.110568, -0.245747, 0.963008, 0.0685383, -0.166468, -0.0463907)
bind/17/name = &"CC_Base_L_BigToe1"
bind/17/bone = -1
bind/17/pose = Transform3D(-0.996971, -0.0653445, -0.0421708, 0.0644205, -0.997663, 0.0229252, -0.04357, 0.0201387, 0.998847, 0.0467035, -0.144199, -0.0123729)
bind/18/name = &"CC_Base_L_BigToe1_end"
bind/18/bone = -1
bind/18/pose = Transform3D(-0.996971, -0.0653445, -0.0421708, 0.0644205, -0.997663, 0.0229252, -0.04357, 0.0201387, 0.998847, 0.0467035, -0.171711, -0.0123729)
bind/19/name = &"CC_Base_L_CalfTwist01"
bind/19/bone = -1
bind/19/pose = Transform3D(-0.999834, 0.000392753, 0.0182148, -0.0181938, 0.0312005, -0.999348, -0.000960073, -0.999516, -0.0311875, 0.0740571, 0.527403, 0.0212672)
bind/20/name = &"CC_Base_L_CalfTwist02"
bind/20/bone = -1
bind/20/pose = Transform3D(-0.999834, 0.00041679, 0.0182189, -0.0181972, 0.0312033, -0.999348, -0.000984273, -0.999516, -0.0311898, 0.0740631, 0.291649, 0.021264)
bind/21/name = &"CC_Base_L_CalfTwist02_end"
bind/21/bone = -1
bind/21/pose = Transform3D(-0.999834, 0.00041679, 0.0182189, -0.0181972, 0.0312033, -0.999348, -0.000984273, -0.999516, -0.0311898, 0.0740631, 0.0558952, 0.021264)
bind/22/name = &"CC_Base_L_KneeShareBone"
bind/22/bone = -1
bind/22/pose = Transform3D(-0.999286, 0.0325389, 0.0191761, -0.0181623, 0.0311759, -0.999349, -0.0331148, -0.998987, -0.0305619, 0.0733519, 0.527401, 0.0236255)
bind/23/name = &"CC_Base_L_KneeShareBone_end"
bind/23/bone = -1
bind/23/pose = Transform3D(-0.999286, 0.0325388, 0.0191761, -0.0181623, 0.0311759, -0.999349, -0.0331147, -0.998987, -0.0305619, 0.0733519, 0.370232, 0.0236255)
bind/24/name = &"CC_Base_L_ThighTwist01"
bind/24/bone = -1
bind/24/pose = Transform3D(-0.999781, 1.00305e-05, 0.0209437, -0.0209433, 0.00597897, -0.999763, -0.000134514, -0.999985, -0.00597679, 0.0726482, 0.987929, 0.00789388)
bind/25/name = &"CC_Base_L_ThighTwist02"
bind/25/bone = -1
bind/25/pose = Transform3D(-0.999781, 6.07881e-06, 0.0209438, -0.0209435, 0.00597926, -0.999763, -0.00013057, -0.999985, -0.00597716, 0.072633, 0.75795, 0.00791199)
bind/26/name = &"CC_Base_L_ThighTwist02_end"
bind/26/bone = -1
bind/26/pose = Transform3D(-0.999781, 6.0788e-06, 0.0209438, -0.0209435, 0.00597926, -0.999763, -0.00013057, -0.999985, -0.00597716, 0.072633, 0.527972, 0.00791199)
bind/27/name = &"CC_Base_R_Thigh"
bind/27/bone = -1
bind/27/pose = Transform3D(-0.99978, -1.21964e-05, -0.020959, 0.0209587, 0.00602521, -0.999762, 0.000137314, -0.999987, -0.00602269, -0.0726332, 0.987929, 0.00793945)
bind/28/name = &"CC_Base_R_Calf"
bind/28/bone = -1
bind/28/pose = Transform3D(-0.999834, -0.000393768, -0.0181965, 0.0181755, 0.0311866, -0.999348, 0.000959835, -0.999519, -0.0311732, -0.0740669, 0.527402, 0.0212596)
bind/29/name = &"CC_Base_R_KneeShareBone"
bind/29/bone = -1
bind/29/pose = Transform3D(-0.999287, -0.0325388, -0.0191762, 0.0181624, 0.0311763, -0.999349, 0.0331141, -0.998989, -0.030562, -0.0733521, 0.527401, 0.0236255)
bind/30/name = &"CC_Base_R_KneeShareBone_end"
bind/30/bone = -1
bind/30/pose = Transform3D(-0.999287, -0.0325386, -0.0191762, 0.0181624, 0.0311763, -0.999349, 0.033114, -0.998989, -0.030562, -0.0733521, 0.370231, 0.0236255)
bind/31/name = &"CC_Base_R_Foot"
bind/31/bone = -1
bind/31/pose = Transform3D(-0.994249, 0.107002, -0.00432349, -0.101886, -0.957598, -0.269506, -0.0329781, -0.267518, 0.962989, -0.0765104, 0.0258645, -0.0503971)
bind/32/name = &"CC_Base_R_ToeBase"
bind/32/bone = -1
bind/32/pose = Transform3D(-0.998076, 0.0443594, 0.0433067, -0.0405346, -0.995515, 0.0855426, 0.0469068, 0.0836221, 0.995393, -0.0850031, -0.121948, -0.00254536)
bind/33/name = &"CC_Base_R_BigToe1"
bind/33/bone = -1
bind/33/pose = Transform3D(-0.996971, 0.0653443, 0.0421713, -0.0644206, -0.997665, 0.0229256, 0.0435706, 0.0201386, 0.998847, -0.0467037, -0.144199, -0.0123726)
bind/34/name = &"CC_Base_R_BigToe1_end"
bind/34/bone = -1
bind/34/pose = Transform3D(-0.996971, 0.0653443, 0.0421714, -0.0644206, -0.997665, 0.0229256, 0.0435706, 0.0201386, 0.998847, -0.0467037, -0.171712, -0.0123726)
bind/35/name = &"CC_Base_R_PinkyToe1"
bind/35/bone = -1
bind/35/pose = Transform3D(-0.994783, 0.0032052, 0.10196, -0.0332673, -0.955064, -0.294543, 0.096433, -0.2964, 0.950183, -0.116709, -0.113902, -0.0364773)
bind/36/name = &"CC_Base_R_PinkyToe1_end"
bind/36/bone = -1
bind/36/pose = Transform3D(-0.994783, 0.00320537, 0.10196, -0.0332675, -0.955064, -0.294542, 0.0964329, -0.2964, 0.950183, -0.116709, -0.141414, -0.0364773)
bind/37/name = &"CC_Base_R_RingToe1"
bind/37/bone = -1
bind/37/pose = Transform3D(-0.98937, 0.0338662, 0.141424, -0.0829882, -0.930094, -0.357834, 0.119418, -0.36577, 0.923013, -0.100649, -0.123165, -0.0512515)
bind/38/name = &"CC_Base_R_RingToe1_end"
bind/38/bone = -1
bind/38/pose = Transform3D(-0.98937, 0.0338664, 0.141423, -0.0829882, -0.930094, -0.357835, 0.119417, -0.36577, 0.923013, -0.100649, -0.150678, -0.0512515)
bind/39/name = &"CC_Base_R_IndexToe1"
bind/39/bone = -1
bind/39/pose = Transform3D(-0.989536, 0.063156, 0.129733, -0.0927019, -0.96728, -0.23619, 0.110571, -0.245747, 0.963007, -0.0685386, -0.138956, -0.0463903)
bind/40/name = &"CC_Base_R_IndexToe1_end"
bind/40/bone = -1
bind/40/pose = Transform3D(-0.989535, 0.0631562, 0.129734, -0.0927021, -0.96728, -0.23619, 0.110571, -0.245747, 0.963008, -0.0685385, -0.166469, -0.0463903)
bind/41/name = &"CC_Base_R_MidToe1"
bind/41/bone = -1
bind/41/pose = Transform3D(-0.990703, 0.0640217, 0.120036, -0.0890574, -0.972221, -0.21648, 0.102842, -0.22516, 0.968879, -0.083016, -0.139643, -0.0400525)
bind/42/name = &"CC_Base_R_MidToe1_end"
bind/42/bone = -1
bind/42/pose = Transform3D(-0.990703, 0.0640218, 0.120036, -0.0890574, -0.972221, -0.216481, 0.102841, -0.22516, 0.968879, -0.0830159, -0.167155, -0.0400525)
bind/43/name = &"CC_Base_R_ToeBaseShareBone"
bind/43/bone = -1
bind/43/pose = Transform3D(-0.998059, 0.0443908, 0.0436791, -0.0405347, -0.995515, 0.0855427, 0.0472803, 0.0836056, 0.995377, -0.0850041, -0.121948, -0.00251354)
bind/44/name = &"CC_Base_R_ToeBaseShareBone_end"
bind/44/bone = -1
bind/44/pose = Transform3D(-0.998059, 0.0443908, 0.0436785, -0.0405347, -0.995515, 0.0855428, 0.0472796, 0.0836057, 0.995377, -0.0850041, -0.264899, -0.00251358)
bind/45/name = &"CC_Base_R_CalfTwist01"
bind/45/bone = -1
bind/45/pose = Transform3D(-0.999834, -0.00039248, -0.0182149, 0.018194, 0.031201, -0.999348, 0.000959384, -0.999518, -0.0311876, -0.0740573, 0.527403, 0.0212672)
bind/46/name = &"CC_Base_R_CalfTwist02"
bind/46/bone = -1
bind/46/pose = Transform3D(-0.999834, -0.000416555, -0.018219, 0.0181973, 0.0312036, -0.999348, 0.000983617, -0.999518, -0.0311897, -0.0740632, 0.291649, 0.021264)
bind/47/name = &"CC_Base_R_CalfTwist02_end"
bind/47/bone = -1
bind/47/pose = Transform3D(-0.999834, -0.000416555, -0.018219, 0.0181973, 0.0312036, -0.999348, 0.000983617, -0.999518, -0.0311897, -0.0740632, 0.055895, 0.021264)
bind/48/name = &"CC_Base_R_ThighTwist01"
bind/48/bone = -1
bind/48/pose = Transform3D(-0.999781, -9.78305e-06, -0.0209438, 0.0209435, 0.00597925, -0.999763, 0.000133846, -0.999987, -0.00597678, -0.0726483, 0.987928, 0.00789383)
bind/49/name = &"CC_Base_R_ThighTwist02"
bind/49/bone = -1
bind/49/pose = Transform3D(-0.999781, -5.82626e-06, -0.0209439, 0.0209436, 0.00597925, -0.999763, 0.000129891, -0.999987, -0.00597686, -0.0726332, 0.75795, 0.00791172)
bind/50/name = &"CC_Base_R_ThighTwist02_end"
bind/50/bone = -1
bind/50/pose = Transform3D(-0.999781, -5.83497e-06, -0.0209439, 0.0209436, 0.00597925, -0.999763, 0.0001299, -0.999987, -0.00597686, -0.0726332, 0.527972, 0.00791172)
bind/51/name = &"CC_Base_Waist"
bind/51/bone = -1
bind/51/pose = Transform3D(1, -4.65661e-10, 3.35231e-08, -2.5522e-08, -0.239593, 0.970873, 6.17844e-09, -0.970873, -0.239593, 3.7819e-08, -1.05708, 0.244909)
bind/52/name = &"CC_Base_Spine01"
bind/52/bone = -1
bind/52/pose = Transform3D(1, -4.65661e-10, 3.35231e-08, -2.61837e-08, 0.0713497, 0.997451, -1.98969e-09, -0.997451, 0.0713497, 5.01326e-08, -1.12187, -0.106092)
bind/53/name = &"CC_Base_Spine02"
bind/53/bone = -1
bind/53/pose = Transform3D(1, -4.65661e-10, 3.35231e-08, -2.5774e-08, 0.186989, 0.982362, -5.02448e-09, -0.982362, 0.186989, 6.10998e-08, -1.2428, -0.25249)
bind/54/name = &"CC_Base_NeckTwist01"
bind/54/bone = -1
bind/54/pose = Transform3D(1, -2.44288e-09, 2.09335e-07, -1.98045e-07, -0.209032, 0.977908, 4.01919e-08, -0.977909, -0.209032, -2.21571e-07, -1.49479, 0.355684)
bind/55/name = &"CC_Base_NeckTwist02"
bind/55/bone = -1
bind/55/pose = Transform3D(1, 3.58116e-08, 4.18068e-08, -2.50262e-08, -0.236154, 0.971716, 4.32954e-08, -0.971716, -0.236154, 4.04876e-08, -1.52181, 0.398171)
bind/56/name = &"CC_Base_Head"
bind/56/bone = -1
bind/56/pose = Transform3D(1, 3.58201e-08, 4.18154e-08, -3.45512e-08, 4.63941e-08, 1, 3.61693e-08, -1, -4.04852e-10, 3.96871e-08, -1.60932, 0.0186508)
bind/57/name = &"CC_Base_FacialBone"
bind/57/bone = -1
bind/57/pose = Transform3D(4.09382e-08, 1.99393e-06, 1, 7.82749e-08, -1, 1.949e-06, 1, 3.58115e-08, -3.36741e-08, -1.60932, 0.0186478, 1.61174e-07)
bind/58/name = &"CC_Base_JawRoot"
bind/58/bone = -1
bind/58/pose = Transform3D(-2.4115e-05, -1, 4.06953e-05, -0.000143147, -4.08357e-05, -1, 1, -2.41633e-05, -0.000143139, -0.00528307, 1.62201, 0.000232154)
bind/59/name = &"CC_Base_Tongue01"
bind/59/bone = -1
bind/59/pose = Transform3D(-4.93555e-07, -0.994094, -0.108522, -0.00013985, 0.108522, -0.994094, 1, 1.46437e-05, -0.00013907, 0.1399, 1.60736, 0.000224948)
bind/60/name = &"CC_Base_Tongue02"
bind/60/bone = -1
bind/60/pose = Transform3D(1.31434e-07, -0.963198, -0.268794, -0.000130229, 0.268794, -0.963198, 1, 3.50888e-05, -0.000125393, 0.388914, 1.56494, 0.00020384)
bind/61/name = &"CC_Base_Tongue03"
bind/61/bone = -1
bind/61/pose = Transform3D(-5.82465e-08, -0.963198, -0.268792, -0.000133578, 0.268792, -0.963198, 1, 3.58062e-05, -0.00012867, 0.373175, 1.56494, 0.00020915)
bind/62/name = &"CC_Base_Tongue03_end"
bind/62/bone = -1
bind/62/pose = Transform3D(-5.82429e-08, -0.963198, -0.268792, -0.000133578, 0.268792, -0.963198, 1, 3.58062e-05, -0.00012867, 0.373175, 1.5492, 0.00020915)
bind/63/name = &"CC_Base_Teeth02"
bind/63/bone = -1
bind/63/pose = Transform3D(0.000170258, -1, 5.03402e-05, -0.000176535, 5.0454e-05, 1, -1, -0.000170216, -0.000176534, -0.0361763, -1.61338, 0.000281802)
bind/64/name = &"CC_Base_Teeth02_end"
bind/64/bone = -1
bind/64/pose = Transform3D(0.000170257, -1, 5.02601e-05, -0.000176535, 5.03739e-05, 1, -1, -0.000170216, -0.000176534, -0.0361762, -1.64514, 0.000281802)
bind/65/name = &"CC_Base_R_Eye"
bind/65/bone = -1
bind/65/pose = Transform3D(1, -1.51499e-05, -0.000129236, 1.51449e-05, 1, 0.000289922, 0.000129239, -0.000289879, 1, 0.0314747, 0.0540237, -1.67838)
bind/66/name = &"CC_Base_R_Eye_end"
bind/66/bone = -1
bind/66/pose = Transform3D(1, 0.000138393, -0.000129213, -0.000138416, 1, 0.000151599, 0.000129241, -0.000151536, 1, 0.0314713, -0.0222675, -1.67838)
bind/67/name = &"CC_Base_L_Eye"
bind/67/bone = -1
bind/67/pose = Transform3D(1, -1.68962e-05, 0.000129333, 1.68918e-05, 1, -0.000294107, -0.000129321, 0.000294154, 1, -0.0314807, 0.0550029, -1.67835)
bind/68/name = &"CC_Base_L_Eye_end"
bind/68/bone = -1
bind/68/pose = Transform3D(1, -0.000154496, 0.000129352, 0.000154472, 1, -0.000139544, -0.000129323, 0.000139609, 1, -0.0314777, -0.0217793, -1.67834)
bind/69/name = &"CC_Base_UpperJaw"
bind/69/bone = -1
bind/69/pose = Transform3D(8.28166e-05, -1, -1.38023e-05, -4.03688e-06, 1.37417e-05, -1, 1, 8.27742e-05, -4.02847e-06, -0.0444079, 1.63566, 1.03741e-05)
bind/70/name = &"CC_Base_Teeth01"
bind/70/bone = -1
bind/70/pose = Transform3D(1.44807e-05, -1, 4.52671e-05, 9.03142e-05, 4.53288e-05, 1, -1, -1.44341e-05, 9.03075e-05, -0.0448067, -1.63567, -0.000148414)
bind/71/name = &"CC_Base_Teeth01_end"
bind/71/bone = -1
bind/71/pose = Transform3D(1.45065e-05, -1, 1.57499e-05, 4.71745e-05, 1.58108e-05, 1, -1, -1.44633e-05, 4.71675e-05, -0.0447584, -1.63598, -7.78391e-05)
bind/72/name = &"CC_Base_L_Clavicle"
bind/72/bone = -1
bind/72/pose = Transform3D(-0.0187949, 0.00144388, -0.999822, 0.973572, 0.227673, -0.0179727, 0.227607, -0.973736, -0.00568485, 1.47717, -0.0299643, 0.020925)
bind/73/name = &"CC_Base_L_Upperarm"
bind/73/bone = -1
bind/73/pose = Transform3D(-0.498819, 0.00337221, -0.8667, 0.866704, 0.00400027, -0.498806, 0.00178499, -0.999986, -0.00491811, 1.36025, 0.591759, 0.05853)
bind/74/name = &"CC_Base_L_Forearm"
bind/74/bone = -1
bind/74/pose = Transform3D(-0.504067, 0.00341041, -0.863657, 0.863612, -0.00902812, -0.504076, -0.00951631, -0.999953, 0.00160552, 1.35826, 0.336414, 0.0542541)
bind/75/name = &"CC_Base_L_ForearmTwist01"
bind/75/bone = -1
bind/75/pose = Transform3D(-0.504078, 0.00341708, -0.863651, 0.863606, -0.00902781, -0.504087, -0.00951938, -0.999953, 0.00159971, 1.35826, 0.336431, 0.0542631)
bind/76/name = &"CC_Base_L_ForearmTwist02"
bind/76/bone = -1
bind/76/pose = Transform3D(-0.504068, 0.00341627, -0.863657, 0.863611, -0.00903678, -0.504077, -0.00952674, -0.999953, 0.00160483, 1.35826, 0.21294, 0.0542604)
bind/77/name = &"CC_Base_L_ForearmTwist02_end"
bind/77/bone = -1
bind/77/pose = Transform3D(-0.504068, 0.00341627, -0.863657, 0.863611, -0.00903678, -0.504077, -0.00952674, -0.999953, 0.00160483, 1.35826, 0.0894649, 0.0542604)
bind/78/name = &"CC_Base_L_ElbowShareBone"
bind/78/bone = -1
bind/78/pose = Transform3D(-0.504638, 0.00427186, -0.86332, 0.863282, -0.00810366, -0.504656, -0.00915187, -0.999958, 0.000401603, 1.35799, 0.337274, 0.0557269)
bind/79/name = &"CC_Base_L_ElbowShareBone_end"
bind/79/bone = -1
bind/79/pose = Transform3D(-0.504638, 0.00427186, -0.86332, 0.863282, -0.00810366, -0.504656, -0.00915187, -0.999958, 0.000401602, 1.35799, 0.254957, 0.0557269)
bind/80/name = &"CC_Base_L_Hand"
bind/80/bone = -1
bind/80/pose = Transform3D(-0.477667, 0.00407643, -0.878531, 0.873006, 0.11427, -0.474133, 0.0984569, -0.993441, -0.0581417, 1.36029, 0.0410608, 0.061065)
bind/81/name = &"CC_Base_L_Pinky1"
bind/81/bone = -1
bind/81/pose = Transform3D(-0.498993, 0.00355091, -0.866598, 0.866605, 0.00295792, -0.498985, 0.000791481, -0.999989, -0.00455322, 1.3574, -0.0047647, 0.0810019)
bind/82/name = &"CC_Base_L_Pinky2"
bind/82/bone = -1
bind/82/pose = Transform3D(-0.526666, 0.000465484, -0.850072, 0.850039, 0.00907167, -0.526641, 0.00746642, -0.999959, -0.00517341, 1.35798, 0.010484, 0.0770086)
bind/83/name = &"CC_Base_L_Pinky3"
bind/83/bone = -1
bind/83/pose = Transform3D(-0.445143, 0.00409852, -0.89545, 0.894595, 0.0459557, -0.444508, 0.0393292, -0.998935, -0.0241234, 1.35148, -0.133467, 0.0758957)
bind/84/name = &"CC_Base_L_Pinky3_end"
bind/84/bone = -1
bind/84/pose = Transform3D(-0.445147, 0.00409379, -0.895448, 0.894593, 0.0459565, -0.444512, 0.0393319, -0.998935, -0.0241197, 1.35148, -0.147929, 0.0758895)
bind/85/name = &"CC_Base_L_Ring1"
bind/85/bone = -1
bind/85/pose = Transform3D(-0.496212, 0.00392006, -0.868192, 0.868199, -9.24141e-05, -0.496217, -0.00202543, -0.999992, -0.00335754, 1.36083, -0.0106348, 0.0658057)
bind/86/name = &"CC_Base_L_Ring2"
bind/86/bone = -1
bind/86/pose = Transform3D(-0.546691, 0.00305287, -0.837328, 0.837289, 0.0123485, -0.54662, 0.00867103, -0.999919, -0.00930698, 1.36147, 0.0296686, 0.064994)
bind/87/name = &"CC_Base_L_Ring3"
bind/87/bone = -1
bind/87/pose = Transform3D(-0.479827, 0.00406104, -0.877353, 0.877075, 0.0278169, -0.479547, 0.0224578, -0.999605, -0.0169091, 1.35787, -0.1002, 0.0634999)
bind/88/name = &"CC_Base_L_Ring3_end"
bind/88/bone = -1
bind/88/pose = Transform3D(-0.479828, 0.00406108, -0.877353, 0.877075, 0.0278171, -0.479547, 0.0224579, -0.999605, -0.0169093, 1.35787, -0.12301, 0.0634999)
bind/89/name = &"CC_Base_L_Mid1"
bind/89/bone = -1
bind/89/pose = Transform3D(-0.505562, -0.00287456, -0.862785, 0.862752, -0.0110284, -0.505506, -0.00806205, -0.999935, 0.00805556, 1.36381, 0.0017325, 0.0398065)
bind/90/name = &"CC_Base_L_Mid2"
bind/90/bone = -1
bind/90/pose = Transform3D(-0.516068, 0.00424548, -0.856537, 0.856431, -0.0139487, -0.516073, -0.0141386, -0.999893, 0.00356253, 1.36389, -0.0232123, 0.0494011)
bind/91/name = &"CC_Base_L_Mid3"
bind/91/bone = -1
bind/91/pose = Transform3D(-0.487122, 0.00403432, -0.873324, 0.873191, -0.0158205, -0.487121, -0.0157816, -0.999866, 0.00418378, 1.36144, -0.0955635, 0.0499181)
bind/92/name = &"CC_Base_L_Mid3_end"
bind/92/bone = -1
bind/92/pose = Transform3D(-0.487122, 0.00403432, -0.873324, 0.873191, -0.0158205, -0.487121, -0.0157816, -0.999867, 0.00418377, 1.36144, -0.122398, 0.0499181)
bind/93/name = &"CC_Base_L_Index1"
bind/93/bone = -1
bind/93/pose = Transform3D(-0.507206, -0.00401545, -0.861815, 0.861798, 0.00555651, -0.507222, 0.0068254, -0.999976, 0.000642203, 1.36173, 0.00401507, 0.0192617)
bind/94/name = &"CC_Base_L_Index2"
bind/94/bone = -1
bind/94/pose = Transform3D(-0.524642, 0.00670815, -0.851296, 0.851168, -0.0149374, -0.524681, -0.0162358, -0.999866, 0.00212703, 1.36184, -0.00486718, 0.0341265)
bind/95/name = &"CC_Base_L_Index3"
bind/95/bone = -1
bind/95/pose = Transform3D(-0.480816, 0.00507424, -0.876807, 0.875749, -0.0466809, -0.480505, -0.0433683, -0.998897, 0.0180012, 1.35861, -0.0976488, 0.0360348)
bind/96/name = &"CC_Base_L_Index3_end"
bind/96/bone = -1
bind/96/pose = Transform3D(-0.480815, 0.00507424, -0.876807, 0.875748, -0.0466809, -0.480505, -0.0433683, -0.998897, 0.0180012, 1.35861, -0.12249, 0.0360348)
bind/97/name = &"CC_Base_L_Thumb1"
bind/97/bone = -1
bind/97/pose = Transform3D(-0.649592, -0.171991, -0.740573, 0.595976, -0.719999, -0.355547, -0.472061, -0.672325, 0.570208, 1.30052, 0.0781475, -0.372343)
bind/98/name = &"CC_Base_L_Thumb2"
bind/98/bone = -1
bind/98/pose = Transform3D(-0.57914, -0.230283, -0.782027, 0.776586, -0.447675, -0.443284, -0.248013, -0.864035, 0.438102, 1.30288, 0.0116819, -0.364591)
bind/99/name = &"CC_Base_L_Thumb3"
bind/99/bone = -1
bind/99/pose = Transform3D(-0.517844, -0.259027, -0.815317, 0.819417, -0.423968, -0.385754, -0.245748, -0.867846, 0.431801, 1.29984, -0.110986, -0.358821)
bind/100/name = &"CC_Base_L_Thumb3_end"
bind/100/bone = -1
bind/100/pose = Transform3D(-0.517844, -0.259027, -0.815317, 0.819417, -0.423968, -0.385753, -0.245748, -0.867845, 0.431801, 1.29984, -0.137801, -0.358821)
bind/101/name = &"CC_Base_L_UpperarmTwist01"
bind/101/bone = -1
bind/101/pose = Transform3D(-0.498811, 0.00074298, -0.86671, 0.866705, 0.00399447, -0.498805, 0.00309145, -0.999992, -0.00263643, 1.3604, 0.591758, 0.0549499)
bind/102/name = &"CC_Base_L_UpperarmTwist02"
bind/102/bone = -1
bind/102/pose = Transform3D(-0.498817, 0.00337297, -0.866701, 0.866705, 0.00399203, -0.498804, 0.00177744, -0.999986, -0.00491466, 1.36027, 0.459592, 0.0585388)
bind/103/name = &"CC_Base_L_UpperarmTwist02_end"
bind/103/bone = -1
bind/103/pose = Transform3D(-0.498817, 0.00337289, -0.866701, 0.866705, 0.00399203, -0.498804, 0.00177748, -0.999986, -0.0049146, 1.36027, 0.327429, 0.0585387)
bind/104/name = &"CC_Base_L_RibsTwist"
bind/104/bone = -1
bind/104/pose = Transform3D(-1, -7.15227e-06, 1.25746e-05, 7.15243e-06, -1, -1.49482e-05, 1.2582e-05, -1.5006e-05, 1, 0.0953611, -0.0882133, -1.34746)
bind/105/name = &"CC_Base_L_Breast"
bind/105/bone = -1
bind/105/pose = Transform3D(-1, -7.15227e-06, 1.26796e-05, 7.15242e-06, -1, -1.52146e-05, 1.2687e-05, -1.52589e-05, 1, 0.0953608, -0.108213, -1.34746)
bind/106/name = &"CC_Base_L_Breast_end"
bind/106/bone = -1
bind/106/pose = Transform3D(-1, -7.15227e-06, 1.26796e-05, 7.15242e-06, -1, -1.52146e-05, 1.2687e-05, -1.52589e-05, 1, 0.0953608, -0.128213, -1.34746)
bind/107/name = &"CC_Base_R_RibsTwist"
bind/107/bone = -1
bind/107/pose = Transform3D(-1, -7.15227e-06, 1.25746e-05, 7.15243e-06, -1, -1.49482e-05, 1.2582e-05, -1.5006e-05, 1, -0.0953964, -0.0882119, -1.34746)
bind/108/name = &"CC_Base_R_Breast"
bind/108/bone = -1
bind/108/pose = Transform3D(-1, -7.15227e-06, 1.26796e-05, 7.15243e-06, -1, -1.52146e-05, 1.2687e-05, -1.52589e-05, 1, -0.0953965, -0.108212, -1.34746)
bind/109/name = &"CC_Base_R_Breast_end"
bind/109/bone = -1
bind/109/pose = Transform3D(-1, -7.15228e-06, 1.26796e-05, 7.15243e-06, -1, -1.52146e-05, 1.2687e-05, -1.52589e-05, 1, -0.0953965, -0.128212, -1.34746)
bind/110/name = &"CC_Base_R_Clavicle"
bind/110/bone = -1
bind/110/pose = Transform3D(-0.018795, -0.00144386, 0.999822, -0.973572, 0.227673, -0.0179728, -0.227607, -0.973736, -0.00568483, -1.47717, -0.0299643, 0.0209249)
bind/111/name = &"CC_Base_R_Upperarm"
bind/111/bone = -1
bind/111/pose = Transform3D(-0.498818, -0.00337272, 0.8667, -0.866705, 0.00400018, -0.498805, -0.00178465, -0.999986, -0.00491852, -1.36025, 0.591757, 0.0585307)
bind/112/name = &"CC_Base_R_Forearm"
bind/112/bone = -1
bind/112/pose = Transform3D(-0.504067, -0.00341065, 0.863658, -0.863612, -0.00902819, -0.504076, 0.00951648, -0.999953, 0.00160532, -1.35826, 0.336413, 0.0542545)
bind/113/name = &"CC_Base_R_ElbowShareBone"
bind/113/bone = -1
bind/113/pose = Transform3D(-0.504638, -0.00427183, 0.86332, -0.863282, -0.00810373, -0.504656, 0.00915191, -0.999958, 0.000401651, -1.35799, 0.337274, 0.0557269)
bind/114/name = &"CC_Base_R_ElbowShareBone_end"
bind/114/bone = -1
bind/114/pose = Transform3D(-0.504638, -0.00427184, 0.86332, -0.863282, -0.00810374, -0.504656, 0.00915192, -0.999958, 0.000401652, -1.35799, 0.254956, 0.0557269)
bind/115/name = &"CC_Base_R_ForearmTwist01"
bind/115/bone = -1
bind/115/pose = Transform3D(-0.504078, -0.00341697, 0.863651, -0.863606, -0.00902788, -0.504087, 0.00951938, -0.999953, 0.00159983, -1.35826, 0.33643, 0.054263)
bind/116/name = &"CC_Base_R_ForearmTwist02"
bind/116/bone = -1
bind/116/pose = Transform3D(-0.504068, -0.00341646, 0.863657, -0.863611, -0.00903684, -0.504078, 0.00952687, -0.999953, 0.00160469, -1.35826, 0.21294, 0.0542607)
bind/117/name = &"CC_Base_R_ForearmTwist02_end"
bind/117/bone = -1
bind/117/pose = Transform3D(-0.504068, -0.00341646, 0.863657, -0.863611, -0.00903684, -0.504077, 0.00952687, -0.999953, 0.00160469, -1.35826, 0.0894648, 0.0542607)
bind/118/name = &"CC_Base_R_Hand"
bind/118/bone = -1
bind/118/pose = Transform3D(-0.477667, -0.00407641, 0.878531, -0.873006, 0.11427, -0.474133, -0.0984569, -0.993441, -0.0581417, -1.36029, 0.0410606, 0.0610649)
bind/119/name = &"CC_Base_R_Ring1"
bind/119/bone = -1
bind/119/pose = Transform3D(-0.496212, -0.00392102, 0.868193, -0.868199, -9.24181e-05, -0.496216, 0.00202592, -0.999992, -0.00335837, -1.36083, -0.0106361, 0.065807)
bind/120/name = &"CC_Base_R_Ring2"
bind/120/bone = -1
bind/120/pose = Transform3D(-0.546687, -0.00305765, 0.837331, -0.837292, 0.0123473, -0.546616, -0.0086674, -0.999919, -0.00931024, -1.36147, 0.029662, 0.0650004)
bind/121/name = &"CC_Base_R_Ring3"
bind/121/bone = -1
bind/121/pose = Transform3D(-0.479834, -0.00405367, 0.87735, -0.877072, 0.0278173, -0.479553, -0.0224615, -0.999605, -0.016903, -1.35787, -0.10019, 0.0634901)
bind/122/name = &"CC_Base_R_Ring3_end"
bind/122/bone = -1
bind/122/pose = Transform3D(-0.479828, -0.00406107, 0.877353, -0.877075, 0.0278166, -0.479547, -0.0224576, -0.999605, -0.0169091, -1.35787, -0.12301, 0.0634999)
bind/123/name = &"CC_Base_R_Mid1"
bind/123/bone = -1
bind/123/pose = Transform3D(-0.505561, 0.00287323, 0.862786, -0.862753, -0.0110283, -0.505505, 0.00806264, -0.999935, 0.00805436, -1.36381, 0.00173079, 0.0398084)
bind/124/name = &"CC_Base_R_Mid2"
bind/124/bone = -1
bind/124/pose = Transform3D(-0.516063, -0.00425183, 0.85654, -0.856434, -0.0139494, -0.516068, 0.0141424, -0.999893, 0.00355734, -1.36389, -0.0232212, 0.0494099)
bind/125/name = &"CC_Base_R_Mid3"
bind/125/bone = -1
bind/125/pose = Transform3D(-0.487122, -0.00403432, 0.873324, -0.873191, -0.0158205, -0.487121, 0.0157816, -0.999866, 0.00418377, -1.36144, -0.0955638, 0.0499181)
bind/126/name = &"CC_Base_R_Mid3_end"
bind/126/bone = -1
bind/126/pose = Transform3D(-0.487122, -0.00403432, 0.873324, -0.873191, -0.0158205, -0.487121, 0.0157816, -0.999866, 0.00418377, -1.36144, -0.122398, 0.0499181)
bind/127/name = &"CC_Base_R_Thumb1"
bind/127/bone = -1
bind/127/pose = Transform3D(-0.649591, 0.17199, 0.740574, -0.595977, -0.719999, -0.355546, 0.472062, -0.672325, 0.570207, -1.30053, 0.0781466, -0.372341)
bind/128/name = &"CC_Base_R_Thumb2"
bind/128/bone = -1
bind/128/pose = Transform3D(-0.57914, 0.230283, 0.782027, -0.776586, -0.447675, -0.443284, 0.248013, -0.864035, 0.438101, -1.30288, 0.0116816, -0.36459)
bind/129/name = &"CC_Base_R_Thumb3"
bind/129/bone = -1
bind/129/pose = Transform3D(-0.517844, 0.259027, 0.815317, -0.819417, -0.423968, -0.385753, 0.245748, -0.867845, 0.431801, -1.29984, -0.110986, -0.358821)
bind/130/name = &"CC_Base_R_Thumb3_end"
bind/130/bone = -1
bind/130/pose = Transform3D(-0.517844, 0.259027, 0.815317, -0.819417, -0.423968, -0.385753, 0.245748, -0.867845, 0.431801, -1.29984, -0.137801, -0.358821)
bind/131/name = &"CC_Base_R_Index1"
bind/131/bone = -1
bind/131/pose = Transform3D(-0.507206, 0.00401567, 0.861815, -0.861798, 0.00555648, -0.507222, -0.0068255, -0.999976, 0.000642411, -1.36173, 0.00401522, 0.0192613)
bind/132/name = &"CC_Base_R_Index2"
bind/132/bone = -1
bind/132/pose = Transform3D(-0.524643, -0.00670714, 0.851296, -0.851168, -0.0149374, -0.524681, 0.0162353, -0.999866, 0.00212792, -1.36184, -0.00486598, 0.0341251)
bind/133/name = &"CC_Base_R_Index3"
bind/133/bone = -1
bind/133/pose = Transform3D(-0.480816, -0.00507408, 0.876807, -0.875749, -0.0466809, -0.480505, 0.0433683, -0.998897, 0.0180013, -1.35861, -0.0976489, 0.0360346)
bind/134/name = &"CC_Base_R_Index3_end"
bind/134/bone = -1
bind/134/pose = Transform3D(-0.480816, -0.00507408, 0.876807, -0.875749, -0.0466809, -0.480505, 0.0433683, -0.998897, 0.0180013, -1.35861, -0.12249, 0.0360345)
bind/135/name = &"CC_Base_R_Pinky1"
bind/135/bone = -1
bind/135/pose = Transform3D(-0.498992, -0.00355299, 0.866599, -0.866606, 0.00295795, -0.498984, -0.000790455, -0.999989, -0.00455502, -1.3574, -0.00476766, 0.0810047)
bind/136/name = &"CC_Base_R_Pinky2"
bind/136/bone = -1
bind/136/pose = Transform3D(-0.526645, -0.000490143, 0.850084, -0.850052, 0.00906927, -0.52662, -0.00745153, -0.999959, -0.00519293, -1.35798, 0.0104508, 0.0770417)
bind/137/name = &"CC_Base_R_Pinky3"
bind/137/bone = -1
bind/137/pose = Transform3D(-0.445147, -0.00409359, 0.895448, -0.894593, 0.0459565, -0.444512, -0.039332, -0.998935, -0.0241195, -1.35148, -0.133461, 0.0758892)
bind/138/name = &"CC_Base_R_Pinky3_end"
bind/138/bone = -1
bind/138/pose = Transform3D(-0.445147, -0.00409359, 0.895447, -0.894593, 0.0459565, -0.444512, -0.039332, -0.998935, -0.0241195, -1.35148, -0.147929, 0.0758892)
bind/139/name = &"CC_Base_R_UpperarmTwist01"
bind/139/bone = -1
bind/139/pose = Transform3D(-0.498812, -0.00074247, 0.86671, -0.866705, 0.00399443, -0.498806, -0.00309167, -0.999992, -0.00263598, -1.3604, 0.591758, 0.0549492)
bind/140/name = &"CC_Base_R_UpperarmTwist02"
bind/140/bone = -1
bind/140/pose = Transform3D(-0.498817, -0.00337285, 0.8667, -0.866705, 0.00399199, -0.498804, -0.00177747, -0.999986, -0.00491454, -1.36027, 0.459593, 0.0585386)
bind/141/name = &"CC_Base_R_UpperarmTwist02_end"
bind/141/bone = -1
bind/141/pose = Transform3D(-0.498817, -0.00337291, 0.8667, -0.866705, 0.00399198, -0.498804, -0.00177744, -0.999986, -0.0049146, -1.36027, 0.327429, 0.0585387)

[node name="mesh_merger" type="Node3D" node_paths=PackedStringArray("mesh_1", "mesh_2", "show_mesh", "ske")]
script = ExtResource("1_0gncs")
mesh_1 = NodePath("")
mesh_2 = NodePath("beard_fix/CC3_Base_Plus/Skeleton3D/Chin_Curtain_Long_Full")
show_mesh = NodePath("case2_fix2/CC3_Base_Plus/Skeleton3D/test_show")
tex_1 = ExtResource("2_ju7te")
tex_2 = ExtResource("3_lmgif")
ske = NodePath("")
SAVE_PATH = "res://combined_assets"

[node name="case2_fix2" type="Node3D" parent="."]
visible = false

[node name="CC3_Base_Plus" type="Node3D" parent="case2_fix2"]
transform = Transform3D(1, 0, 0, 0, -4.37114e-08, 1, 0, -1, -4.37114e-08, 0, 0, 0)

[node name="Skeleton3D" type="Skeleton3D" parent="case2_fix2/CC3_Base_Plus"]
bones/0/name = "RL_BoneRoot"
bones/0/parent = -1
bones/0/rest = Transform3D(1, 0, 0, 0, 1, 0, 0, 0, 1, 0, 0, 0)
bones/0/enabled = true
bones/0/position = Vector3(0, 0, 0)
bones/0/rotation = Quaternion(0, 0, 0, 1)
bones/0/scale = Vector3(1, 1, 1)
bones/1/name = "CC_Base_Hip"
bones/1/parent = 0
bones/1/rest = Transform3D(1, 0, 0, 0, 0, -1, 0, 1, 0, 0, -1.89807e-14, 0.997274)
bones/1/enabled = true
bones/1/position = Vector3(-0.000186846, -0.000525757, 0.996343)
bones/1/rotation = Quaternion(0.705652, -0.00101014, 0.000968346, 0.708558)
bones/1/scale = Vector3(1, 1, 1)
bones/2/name = "CC_Base_Pelvis"
bones/2/parent = 1
bones/2/rest = Transform3D(1, 1.49964e-07, -1.41354e-08, -1.49964e-07, 0.982387, -0.186855, -1.41352e-08, 0.186855, 0.982388, -3.62297e-17, 2.28882e-07, -7.8928e-09)
bones/2/enabled = true
bones/2/position = Vector3(-3.62375e-17, 1.52588e-07, -7.89283e-09)
bones/2/rotation = Quaternion(0.0938415, -4.39367e-14, -7.53146e-08, 0.995587)
bones/2/scale = Vector3(1, 1, 1)
bones/3/name = "CC_Base_L_Thigh"
bones/3/parent = 2
bones/3/rest = Transform3D(-0.999832, -0.0183096, -0.000856482, 0.0179921, -0.989278, 0.144936, -0.00350099, 0.144895, 0.989446, 0.0936426, -0.0197908, 0.000767614)
bones/3/enabled = true
bones/3/position = Vector3(0.0936425, -0.0197907, 0.000767657)
bones/3/rotation = Quaternion(0.000533535, 0.0672284, 0.997737, -0.00109829)
bones/3/scale = Vector3(1, 1, 1.00001)
bones/4/name = "CC_Base_L_Calf"
bones/4/parent = 3
bones/4/rest = Transform3D(1, -0.00071315, 0.000326149, 0.000722918, 0.999519, -0.0310014, -0.000303884, 0.0310016, 0.999519, 6.71044e-05, 0.453156, -2.26725e-06)
bones/4/enabled = true
bones/4/position = Vector3(6.7105e-05, 0.453156, -2.35018e-06)
bones/4/rotation = Quaternion(-0.0130461, 0.000231375, -0.00723872, 0.999889)
bones/4/scale = Vector3(1, 1, 1)
bones/5/name = "CC_Base_L_Foot"
bones/5/parent = 4
bones/5/rest = Transform3D(0.994186, -0.107039, -0.0116902, 0.0118528, 0.2167, -0.976166, 0.107022, 0.970352, 0.216709, -1.12545e-06, 0.469414, 5.99448e-05)
bones/5/enabled = true
bones/5/position = Vector3(-9.12313e-07, 0.469414, 5.99899e-05)
bones/5/rotation = Quaternion(0.647648, -0.0696104, 0.0539922, 0.75683)
bones/5/scale = Vector3(1, 1, 1)
bones/6/name = "CC_Base_L_ToeBaseShareBone"
bones/6/parent = 5
bones/6/rest = Transform3D(0.998414, 0.0333485, 0.0453503, -0.0202395, 0.964418, -0.263604, -0.0525275, 0.262268, 0.963564, -1.45355e-06, 0.153621, 1.04929e-06)
bones/6/enabled = true
bones/6/position = Vector3(-1.6488e-06, 0.153621, 8.81553e-07)
bones/6/rotation = Quaternion(0.132695, 0.0246979, -0.013522, 0.990757)
bones/6/scale = Vector3(1, 1, 1)
bones/7/name = "CC_Base_L_ToeBaseShareBone_end"
bones/7/parent = 6
bones/7/rest = Transform3D(1, 3.66528e-08, 3.69605e-07, -3.66528e-08, 1, 7.97525e-08, -3.69605e-07, -7.97525e-08, 1, 1.79262e-08, 0.153622, 3.48154e-09)
bones/7/enabled = true
bones/7/position = Vector3(1.41561e-09, 0.153622, 1.49012e-09)
bones/7/rotation = Quaternion(-5.65196e-08, 1.7829e-07, -9.05129e-09, 1)
bones/7/scale = Vector3(1, 1, 1)
bones/8/name = "CC_Base_L_ToeBaseShareBone_end_end"
bones/8/parent = 7
bones/8/rest = Transform3D(1, -6.42461e-08, 1.95544e-07, 6.42461e-08, 1, -2.99157e-08, -1.95544e-07, 2.99157e-08, 1, -2.21767e-08, 0.153622, 6.4298e-10)
bones/8/enabled = true
bones/8/position = Vector3(2.5332e-09, 0.153622, -5.96046e-10)
bones/8/rotation = Quaternion(1.46101e-08, 9.95933e-08, 3.48082e-08, 1)
bones/8/scale = Vector3(1, 1, 1)
bones/9/name = "CC_Base_L_ToeBaseShareBone_end_end_end"
bones/9/parent = 8
bones/9/rest = Transform3D(1, 0, 0, 0, 1, 0, 0, 0, 1, 0, 0.153622, 0)
bones/9/enabled = true
bones/9/position = Vector3(0, 0.153622, 0)
bones/9/rotation = Quaternion(0, 0, 0, 1)
bones/9/scale = Vector3(1, 1, 1)
bones/10/name = "CC_Base_L_ToeBase"
bones/10/parent = 5
bones/10/rest = Transform3D(0.998431, 0.0333494, 0.0449894, -0.0203351, 0.964416, -0.263607, -0.0521796, 0.262278, 0.963581, -1.4617e-06, 0.153621, 1.02726e-06)
bones/10/enabled = true
bones/10/position = Vector3(-1.65122e-06, 0.153621, 8.69632e-07)
bones/10/rotation = Quaternion(0.133796, 0.0227574, -0.0118287, 0.990677)
bones/10/scale = Vector3(1, 1, 1)
bones/11/name = "CC_Base_L_PinkyToe1"
bones/11/parent = 10
bones/11/rest = Transform3D(0.995544, 0.0476101, 0.0813969, -0.0739823, 0.929572, 0.36114, -0.0584705, -0.365552, 0.928953, -0.0285367, 0.00516736, -0.00526955)
bones/11/enabled = true
bones/11/position = Vector3(-0.0285365, 0.00516739, -0.00526951)
bones/11/rotation = Quaternion(-0.185081, 0.0356226, -0.0309683, 0.981589)
bones/11/scale = Vector3(1, 1, 1)
bones/12/name = "CC_Base_L_PinkyToe1_end"
bones/12/parent = 11
bones/12/rest = Transform3D(1, -8.42296e-07, 4.75228e-06, 8.42295e-07, 1, 3.21343e-07, -4.75228e-06, -3.21339e-07, 1, 6.02808e-09, 0.0301714, 8.43455e-09)
bones/12/enabled = true
bones/12/position = Vector3(3.35276e-09, 0.0301714, 7.7486e-09)
bones/12/rotation = Quaternion(-1.68453e-07, 2.38308e-06, 4.18804e-07, 1)
bones/12/scale = Vector3(1, 1, 1)
bones/13/name = "CC_Base_L_PinkyToe1_end_end"
bones/13/parent = 12
bones/13/rest = Transform3D(1, 6.05531e-07, -3.37616e-06, -6.05532e-07, 1, -2.44711e-07, 3.37616e-06, 2.44713e-07, 1, -9.49758e-09, 0.0301713, -6.86129e-09)
bones/13/enabled = true
bones/13/position = Vector3(9.79751e-09, 0.0301713, 5.96046e-10)
bones/13/rotation = Quaternion(1.2049e-07, -1.689e-06, -3.01749e-07, 1)
bones/13/scale = Vector3(1, 1, 1)
bones/14/name = "CC_Base_L_PinkyToe1_end_end_end"
bones/14/parent = 13
bones/14/rest = Transform3D(1, 0, 0, 0, 1, 0, 0, 0, 1, 0, 0.0301714, 0)
bones/14/enabled = true
bones/14/position = Vector3(0, 0.0301714, 0)
bones/14/rotation = Quaternion(0, 0, 0, 1)
bones/14/scale = Vector3(1, 1, 1)
bones/15/name = "CC_Base_L_RingToe1"
bones/15/parent = 10
bones/15/rest = Transform3D(0.994057, 0.015192, 0.107793, -0.0582436, 0.910784, 0.408755, -0.0919659, -0.412605, 0.906256, -0.0143681, 0.0158626, -0.00123675)
bones/15/enabled = true
bones/15/position = Vector3(-0.0143678, 0.0158626, -0.00123669)
bones/15/rotation = Quaternion(-0.210367, 0.0511622, -0.0188084, 0.976102)
bones/15/scale = Vector3(1, 1, 1)
bones/16/name = "CC_Base_L_RingToe1_end"
bones/16/parent = 15
bones/16/rest = Transform3D(1, -3.42656e-08, -1.18876e-07, 3.42656e-08, 1, 7.10911e-08, 1.18876e-07, -7.10911e-08, 1, -1.10394e-08, 0.0301715, 8.21364e-09)
bones/16/enabled = true
bones/16/position = Vector3(-1.05798e-08, 0.0301714, -3.57628e-09)
bones/16/rotation = Quaternion(-5.84405e-08, -7.4855e-08, 2.04891e-08, 1)
bones/16/scale = Vector3(1, 1, 1)
bones/17/name = "CC_Base_L_RingToe1_end_end"
bones/17/parent = 16
bones/17/rest = Transform3D(1, -8.84841e-09, -1.08308e-09, 8.84842e-09, 1, -1.63411e-09, 1.08308e-09, 1.63411e-09, 1, -1.30911e-08, 0.0301713, 9.46467e-09)
bones/17/enabled = true
bones/17/position = Vector3(-2.23517e-10, 0.0301713, -3.12924e-09)
bones/17/rotation = Quaternion(-2.35159e-08, 1.39698e-09, 1.39698e-09, 1)
bones/17/scale = Vector3(1, 1, 1)
bones/18/name = "CC_Base_L_RingToe1_end_end_end"
bones/18/parent = 17
bones/18/rest = Transform3D(1, 0, 0, 0, 1, 0, 0, 0, 1, 0, 0.0301714, 0)
bones/18/enabled = true
bones/18/position = Vector3(0, 0.0301714, 0)
bones/18/rotation = Quaternion(0, 0, 0, 1)
bones/18/scale = Vector3(1, 1, 1)
bones/19/name = "CC_Base_L_MidToe1"
bones/19/parent = 10
bones/19/rest = Transform3D(0.996884, 0.00659222, 0.0786091, -0.0272471, 0.963946, 0.264698, -0.07403, -0.266015, 0.961122, 2.15421e-07, 0.0244681, -7.68681e-08)
bones/19/enabled = true
bones/19/position = Vector3(3.99053e-07, 0.0244681, -2.563e-08)
bones/19/rotation = Quaternion(-0.133992, 0.0385375, -0.00854357, 0.990196)
bones/19/scale = Vector3(1, 1, 1)
bones/20/name = "CC_Base_L_MidToe1_end"
bones/20/parent = 19
