[gd_resource type="Skin" format=3 uid="uid://v7mjjnx6lw2f"]

[resource]
resource_name = "Skin4"
bind_count = 183
bind/0/name = &"RL_BoneRoot"
bind/0/bone = -1
bind/0/pose = Transform3D(1, 1.5134e-09, 1.00914e-07, 8.14915e-10, 1, 1.92344e-09, -4.64806e-08, 4.04896e-10, 1, -1.22339e-07, 1.1921e-09, -1.87755e-08)
bind/1/name = &"CC_Base_Hip"
bind/1/bone = -1
bind/1/pose = Transform3D(1, 1.5134e-09, 1.00914e-07, -4.64806e-08, 4.04896e-10, 1, -8.14915e-10, -1, -1.92344e-09, -1.22339e-07, -0.997274, -1.19211e-09)
bind/2/name = &"CC_Base_Pelvis"
bind/2/bone = -1
bind/2/pose = Transform3D(1, 1.56486e-08, -4.90505e-08, 1.0415e-07, -0.186855, 0.982388, -6.25079e-09, -0.982387, -0.186855, 2.72171e-08, -0.97971, 0.186346)
bind/3/name = &"CC_Base_L_Thigh"
bind/3/bone = -1
bind/3/pose = Transform3D(-0.999832, 7.67372e-05, 0.0183295, -0.0183097, 0.0425076, -0.998928, -0.000857141, -0.999091, -0.0424996, 0.075706, 0.97823, 0.0445729)
bind/4/name = &"CC_Base_L_Calf"
bind/4/bone = -1
bind/4/pose = Transform3D(-0.999845, 0.000411074, 0.0176203, -0.0176144, 0.0115137, -0.999779, -0.000615199, -0.999928, -0.011505, 0.0760049, 0.52615, 0.0283004)
bind/5/name = &"CC_Base_L_Foot"
bind/5/bone = -1
bind/5/pose = Transform3D(-0.994306, -0.106469, 0.00443642, 0.102609, -0.967832, -0.229702, 0.0287497, -0.227938, 0.973251, 0.079259, 0.0315622, -0.0501522)
bind/6/name = &"CC_Base_L_ToeBaseShareBone"
bind/6/bone = -1
bind/6/pose = Transform3D(-0.996316, -0.0747384, -0.042044, 0.0733393, -0.996726, 0.0338713, -0.044438, 0.0306632, 0.998542, 0.0842396, -0.128227, -0.0125562)
bind/7/name = &"CC_Base_L_ToeBaseShareBone_end"
bind/7/bone = -1
bind/7/pose = Transform3D(-0.996316, -0.0747384, -0.0420444, 0.0733393, -0.996726, 0.0338712, -0.0444384, 0.0306631, 0.998541, 0.0842396, -0.281849, -0.0125561)
bind/8/name = &"CC_Base_L_ToeBaseShareBone_end_end"
bind/8/bone = -1
bind/8/pose = Transform3D(-0.996316, -0.0747385, -0.0420446, 0.0733393, -0.996726, 0.0338712, -0.0444386, 0.0306631, 0.998541, 0.0842396, -0.435471, -0.0125561)
bind/9/name = &"CC_Base_L_ToeBase"
bind/9/bone = -1
bind/9/pose = Transform3D(-0.996333, -0.074727, -0.0416834, 0.0733385, -0.996726, 0.0338817, -0.044079, 0.0307006, 0.998556, 0.0842351, -0.128227, -0.0125852)
bind/10/name = &"CC_Base_L_PinkyToe1"
bind/10/bone = -1
bind/10/pose = Transform3D(-0.994741, -0.00244892, -0.10239, 0.0368511, -0.94131, -0.335514, -0.0955603, -0.33752, 0.936454, 0.122566, -0.115956, -0.0457905)
bind/11/name = &"CC_Base_L_PinkyToe1_end"
bind/11/bone = -1
bind/11/pose = Transform3D(-0.994741, -0.00244812, -0.102395, 0.036852, -0.941309, -0.335514, -0.095565, -0.337521, 0.936454, 0.122566, -0.146128, -0.0457899)
bind/12/name = &"CC_Base_L_PinkyToe1_end_end"
bind/12/bone = -1
bind/12/pose = Transform3D(-0.994741, -0.00244869, -0.102392, 0.0368513, -0.94131, -0.335514, -0.0955616, -0.33752, 0.936454, 0.122566, -0.176299, -0.0457903)
bind/13/name = &"CC_Base_L_RingToe1"
bind/13/bone = -1
bind/13/pose = Transform3D(-0.990629, -0.0190534, -0.135242, 0.0698463, -0.921604, -0.381783, -0.117367, -0.38765, 0.914304, 0.107453, -0.125054, -0.0585532)
bind/14/name = &"CC_Base_L_RingToe1_end"
bind/14/bone = -1
bind/14/pose = Transform3D(-0.990629, -0.0190535, -0.135242, 0.0698464, -0.921604, -0.381783, -0.117366, -0.38765, 0.914304, 0.107453, -0.155225, -0.0585533)
bind/15/name = &"CC_Base_L_RingToe1_end_end"
bind/15/bone = -1
bind/15/pose = Transform3D(-0.990629, -0.0190535, -0.135242, 0.0698464, -0.921604, -0.381783, -0.117366, -0.38765, 0.914304, 0.107453, -0.185396, -0.0585533)
bind/16/name = &"CC_Base_L_MidToe1"
bind/16/bone = -1
bind/16/pose = Transform3D(-0.991963, -0.049609, -0.1164, 0.0758519, -0.96945, -0.233245, -0.101273, -0.240198, 0.965426, 0.0890645, -0.143286, -0.0458922)
bind/17/name = &"CC_Base_L_MidToe1_end"
bind/17/bone = -1
bind/17/pose = Transform3D(-0.991963, -0.0496087, -0.116401, 0.0758519, -0.96945, -0.233245, -0.101275, -0.240198, 0.965426, 0.0890646, -0.173458, -0.0458921)
bind/18/name = &"CC_Base_L_MidToe1_end_end"
bind/18/bone = -1
bind/18/pose = Transform3D(-0.991963, -0.0496087, -0.116401, 0.0758519, -0.96945, -0.233245, -0.101275, -0.240198, 0.965426, 0.0890646, -0.203629, -0.0458921)
bind/19/name = &"CC_Base_L_IndexToe1"
bind/19/bone = -1
bind/19/pose = Transform3D(-0.990835, -0.0489498, -0.125896, 0.0802584, -0.963006, -0.257235, -0.108648, -0.26498, 0.958113, 0.073214, -0.142109, -0.0532461)
bind/20/name = &"CC_Base_L_IndexToe1_end"
bind/20/bone = -1
bind/20/pose = Transform3D(-0.990834, -0.0489488, -0.125901, 0.0802587, -0.963005, -0.257234, -0.108653, -0.26498, 0.958112, 0.0732142, -0.17228, -0.0532457)
bind/21/name = &"CC_Base_L_IndexToe1_end_end"
bind/21/bone = -1
bind/21/pose = Transform3D(-0.990834, -0.0489489, -0.1259, 0.0802585, -0.963006, -0.257234, -0.108652, -0.26498, 0.958112, 0.0732142, -0.202452, -0.0532458)
bind/22/name = &"CC_Base_L_BigToe1"
bind/22/bone = -1
bind/22/pose = Transform3D(-0.9967, -0.0694504, -0.0420132, 0.0690054, -0.99754, 0.0119303, -0.0427386, 0.00899213, 0.999046, 0.0463979, -0.151213, -0.01632)
bind/23/name = &"CC_Base_L_BigToe1_end"
bind/23/bone = -1
bind/23/pose = Transform3D(-0.9967, -0.0694501, -0.0420159, 0.069005, -0.99754, 0.0119304, -0.0427413, 0.008992, 0.999046, 0.046398, -0.181385, -0.0163198)
bind/24/name = &"CC_Base_L_BigToe1_end_end"
bind/24/bone = -1
bind/24/pose = Transform3D(-0.9967, -0.0694502, -0.0420151, 0.0690052, -0.99754, 0.0119304, -0.0427405, 0.00899205, 0.999046, 0.046398, -0.211556, -0.0163199)
bind/25/name = &"CC_Base_L_CalfTwist01"
bind/25/bone = -1
bind/25/pose = Transform3D(-0.999844, 0.000410231, 0.0176385, -0.0176326, 0.0115281, -0.999778, -0.000614819, -0.999928, -0.0115195, 0.0759955, 0.526151, 0.0283079)
bind/26/name = &"CC_Base_L_CalfTwist02"
bind/26/bone = -1
bind/26/pose = Transform3D(-0.999844, 0.000434523, 0.0176422, -0.017636, 0.0115309, -0.999778, -0.000639197, -0.999928, -0.0115218, 0.0759985, 0.291444, 0.0282769)
bind/27/name = &"CC_Base_L_CalfTwist02_end"
bind/27/bone = -1
bind/27/pose = Transform3D(-0.999844, 0.000434534, 0.0176422, -0.017636, 0.0115309, -0.999778, -0.000639208, -0.999928, -0.0115218, 0.0759985, 0.0567373, 0.0282769)
bind/28/name = &"CC_Base_L_CalfTwist02_end_end"
bind/28/bone = -1
bind/28/pose = Transform3D(-0.999844, 0.000434514, 0.0176422, -0.017636, 0.0115309, -0.999778, -0.000639187, -0.999928, -0.0115218, 0.0759985, -0.177969, 0.0282769)
bind/29/name = &"CC_Base_L_KneeShareBone"
bind/29/bone = -1
bind/29/pose = Transform3D(-0.999308, 0.0325692, 0.0179676, -0.0176011, 0.0115035, -0.999779, -0.0327702, -0.999398, -0.0109226, 0.0750627, 0.526149, 0.0307249)
bind/30/name = &"CC_Base_L_KneeShareBone_end"
bind/30/bone = -1
bind/30/pose = Transform3D(-0.999308, 0.0325692, 0.0179675, -0.017601, 0.0115035, -0.999779, -0.0327702, -0.999398, -0.0109226, 0.0750628, 0.369678, 0.0307249)
bind/31/name = &"CC_Base_L_KneeShareBone_end_end"
bind/31/bone = -1
bind/31/pose = Transform3D(-0.999308, 0.0325691, 0.0179676, -0.0176011, 0.0115035, -0.999779, -0.0327701, -0.999398, -0.0109226, 0.0750628, 0.213206, 0.0307249)
bind/32/name = &"CC_Base_L_ThighTwist01"
bind/32/bone = -1
bind/32/pose = Transform3D(-0.999832, 7.47324e-05, 0.018314, -0.0182943, 0.0424617, -0.998931, -0.000853636, -0.999093, -0.0424537, 0.0757212, 0.978231, 0.0445276)
bind/33/name = &"CC_Base_L_ThighTwist02"
bind/33/bone = -1
bind/33/pose = Transform3D(-0.999832, 7.08012e-05, 0.018314, -0.0182944, 0.0424618, -0.998931, -0.000849709, -0.999093, -0.0424539, 0.0756843, 0.751653, 0.0445391)
bind/34/name = &"CC_Base_L_ThighTwist02_end"
bind/34/bone = -1
bind/34/pose = Transform3D(-0.999832, 7.08384e-05, 0.0183139, -0.0182943, 0.0424617, -0.99893, -0.000849744, -0.999093, -0.0424539, 0.0756843, 0.525076, 0.0445391)
bind/35/name = &"CC_Base_L_ThighTwist02_end_end"
bind/35/bone = -1
bind/35/pose = Transform3D(-0.999832, 7.07947e-05, 0.018314, -0.0182944, 0.0424618, -0.99893, -0.000849703, -0.999093, -0.0424539, 0.0756843, 0.298498, 0.0445391)
bind/36/name = &"CC_Base_R_Thigh"
bind/36/bone = -1
bind/36/pose = Transform3D(-0.999832, -7.56729e-05, -0.0183292, 0.0183093, 0.0425076, -0.998928, 0.00085605, -0.999091, -0.0424996, -0.0757062, 0.978231, 0.0445728)
bind/37/name = &"CC_Base_R_Calf"
bind/37/bone = -1
bind/37/pose = Transform3D(-0.999845, -0.000409734, -0.0176202, 0.0176142, 0.0115134, -0.999779, 0.000613838, -0.999928, -0.0115047, -0.0760051, 0.52615, 0.0283001)
bind/38/name = &"CC_Base_R_KneeShareBone"
bind/38/bone = -1
bind/38/pose = Transform3D(-0.999308, -0.0325678, -0.0179675, 0.017601, 0.011503, -0.999779, 0.0327688, -0.999398, -0.0109221, -0.0750629, 0.52615, 0.0307245)
bind/39/name = &"CC_Base_R_KneeShareBone_end"
bind/39/bone = -1
bind/39/pose = Transform3D(-0.999308, -0.0325679, -0.0179676, 0.017601, 0.011503, -0.999779, 0.0327689, -0.999398, -0.0109221, -0.0750628, 0.369678, 0.0307245)
bind/40/name = &"CC_Base_R_KneeShareBone_end_end"
bind/40/bone = -1
bind/40/pose = Transform3D(-0.999308, -0.032568, -0.0179675, 0.017601, 0.011503, -0.999779, 0.0327689, -0.999398, -0.0109221, -0.0750628, 0.213207, 0.0307246)
bind/41/name = &"CC_Base_R_Foot"
bind/41/bone = -1
bind/41/pose = Transform3D(-0.994306, 0.106468, -0.00443594, -0.102608, -0.967832, -0.2297, -0.0287486, -0.227936, 0.973251, -0.079259, 0.031562, -0.0501525)
bind/42/name = &"CC_Base_R_ToeBase"
bind/42/bone = -1
bind/42/pose = Transform3D(-0.996332, 0.0747256, 0.0416906, -0.0733369, -0.996726, 0.0338812, 0.0440862, 0.0306995, 0.998556, -0.0842354, -0.128229, -0.0125847)
bind/43/name = &"CC_Base_R_BigToe1"
bind/43/bone = -1
bind/43/pose = Transform3D(-0.9967, 0.0694494, 0.0420118, -0.0690044, -0.99754, 0.0119299, 0.0427372, 0.00899162, 0.999046, -0.046398, -0.151215, -0.0163202)
bind/44/name = &"CC_Base_R_BigToe1_end"
bind/44/bone = -1
bind/44/pose = Transform3D(-0.996701, 0.0694492, 0.0420074, -0.0690043, -0.99754, 0.0119298, 0.0427329, 0.00899175, 0.999046, -0.0463979, -0.181387, -0.0163205)
bind/45/name = &"CC_Base_R_BigToe1_end_end"
bind/45/bone = -1
bind/45/pose = Transform3D(-0.996701, 0.0694494, 0.042011, -0.0690045, -0.99754, 0.0119299, 0.0427365, 0.00899165, 0.999046, -0.046398, -0.211558, -0.0163203)
bind/46/name = &"CC_Base_R_PinkyToe1"
bind/46/bone = -1
bind/46/pose = Transform3D(-0.994741, 0.00244885, 0.102389, -0.0368504, -0.94131, -0.33551, 0.0955595, -0.337517, 0.936455, -0.122566, -0.115958, -0.0457911)
bind/47/name = &"CC_Base_R_PinkyToe1_end"
bind/47/bone = -1
bind/47/pose = Transform3D(-0.994741, 0.00244854, 0.102392, -0.036851, -0.94131, -0.335511, 0.095562, -0.337518, 0.936455, -0.122566, -0.146129, -0.0457908)
bind/48/name = &"CC_Base_R_PinkyToe1_end_end"
bind/48/bone = -1
bind/48/pose = Transform3D(-0.994741, 0.00244895, 0.10239, -0.0368507, -0.94131, -0.335511, 0.0955599, -0.337518, 0.936456, -0.122566, -0.176301, -0.045791)
bind/49/name = &"CC_Base_R_RingToe1"
bind/49/bone = -1
bind/49/pose = Transform3D(-0.990629, 0.0190533, 0.135242, -0.0698457, -0.921605, -0.38178, 0.117367, -0.387647, 0.914305, -0.107453, -0.125056, -0.0585538)
bind/50/name = &"CC_Base_R_RingToe1_end"
bind/50/bone = -1
bind/50/pose = Transform3D(-0.990629, 0.0190535, 0.135241, -0.0698457, -0.921605, -0.38178, 0.117366, -0.387647, 0.914305, -0.107453, -0.155227, -0.0585538)
bind/51/name = &"CC_Base_R_RingToe1_end_end"
bind/51/bone = -1
bind/51/pose = Transform3D(-0.990629, 0.0190535, 0.135241, -0.0698457, -0.921605, -0.38178, 0.117366, -0.387647, 0.914305, -0.107453, -0.185398, -0.0585539)
bind/52/name = &"CC_Base_R_IndexToe1"
bind/52/bone = -1
bind/52/pose = Transform3D(-0.990835, 0.0489493, 0.125895, -0.0802575, -0.963006, -0.257232, 0.108647, -0.264977, 0.958113, -0.073214, -0.142111, -0.0532465)
bind/53/name = &"CC_Base_R_IndexToe1_end"
bind/53/bone = -1
bind/53/pose = Transform3D(-0.990835, 0.0489493, 0.125896, -0.0802579, -0.963006, -0.257232, 0.108649, -0.264978, 0.958113, -0.0732141, -0.172283, -0.0532465)
bind/54/name = &"CC_Base_R_IndexToe1_end_end"
bind/54/bone = -1
bind/54/pose = Transform3D(-0.990835, 0.0489492, 0.125896, -0.0802576, -0.963006, -0.257232, 0.108648, -0.264977, 0.958114, -0.0732141, -0.202454, -0.0532465)
bind/55/name = &"CC_Base_R_MidToe1"
bind/55/bone = -1
bind/55/pose = Transform3D(-0.991963, 0.049608, 0.116401, -0.075851, -0.96945, -0.233243, 0.101275, -0.240196, 0.965426, -0.0890647, -0.143288, -0.0458925)
bind/56/name = &"CC_Base_R_MidToe1_end"
bind/56/bone = -1
bind/56/pose = Transform3D(-0.991963, 0.0496081, 0.1164, -0.075851, -0.96945, -0.233243, 0.101274, -0.240196, 0.965426, -0.0890647, -0.17346, -0.0458925)
bind/57/name = &"CC_Base_R_MidToe1_end_end"
bind/57/bone = -1
bind/57/pose = Transform3D(-0.991963, 0.0496082, 0.1164, -0.075851, -0.96945, -0.233243, 0.101274, -0.240196, 0.965426, -0.0890647, -0.203631, -0.0458925)
bind/58/name = &"CC_Base_R_ToeBaseShareBone"
bind/58/bone = -1
bind/58/pose = Transform3D(-0.996317, 0.0747375, 0.0420447, -0.0733384, -0.996726, 0.0338706, 0.0444387, 0.0306624, 0.998541, -0.0842397, -0.128228, -0.0125562)
bind/59/name = &"CC_Base_R_ToeBaseShareBone_end"
bind/59/bone = -1
bind/59/pose = Transform3D(-0.996316, 0.0747376, 0.0420473, -0.0733384, -0.996726, 0.0338708, 0.0444413, 0.0306623, 0.998541, -0.0842398, -0.281851, -0.0125559)
bind/60/name = &"CC_Base_R_ToeBaseShareBone_end_end"
bind/60/bone = -1
bind/60/pose = Transform3D(-0.996317, 0.0747376, 0.0420455, -0.0733385, -0.996726, 0.0338707, 0.0444396, 0.0306623, 0.998541, -0.0842397, -0.435472, -0.0125561)
bind/61/name = &"CC_Base_R_CalfTwist01"
bind/61/bone = -1
bind/61/pose = Transform3D(-0.999844, -0.00040901, -0.0176385, 0.0176325, 0.0115275, -0.999778, 0.000613575, -0.999928, -0.0115189, -0.0759955, 0.526151, 0.0283075)
bind/62/name = &"CC_Base_R_CalfTwist02"
bind/62/bone = -1
bind/62/pose = Transform3D(-0.999844, -0.000433091, -0.0176422, 0.0176359, 0.0115304, -0.999778, 0.000637743, -0.999928, -0.0115213, -0.0759986, 0.291445, 0.0282765)
bind/63/name = &"CC_Base_R_CalfTwist02_end"
bind/63/bone = -1
bind/63/pose = Transform3D(-0.999844, -0.000433136, -0.0176421, 0.0176358, 0.0115303, -0.999778, 0.000637787, -0.999928, -0.0115213, -0.0759986, 0.0567376, 0.0282765)
bind/64/name = &"CC_Base_R_CalfTwist02_end_end"
bind/64/bone = -1
bind/64/pose = Transform3D(-0.999844, -0.000433075, -0.0176422, 0.0176359, 0.0115304, -0.999778, 0.000637727, -0.999928, -0.0115213, -0.0759986, -0.177969, 0.0282765)
bind/65/name = &"CC_Base_R_ThighTwist01"
bind/65/bone = -1
bind/65/pose = Transform3D(-0.999832, -7.33529e-05, -0.0183139, 0.0182941, 0.0424616, -0.998931, 0.000852236, -0.999093, -0.0424537, -0.0757214, 0.978231, 0.0445275)
bind/66/name = &"CC_Base_R_ThighTwist02"
bind/66/bone = -1
bind/66/pose = Transform3D(-0.999832, -6.94058e-05, -0.0183138, 0.0182942, 0.0424617, -0.998931, 0.000848292, -0.999093, -0.0424538, -0.0756844, 0.751654, 0.0445389)
bind/67/name = &"CC_Base_R_ThighTwist02_end"
bind/67/bone = -1
bind/67/pose = Transform3D(-0.999832, -6.94478e-05, -0.0183138, 0.0182942, 0.0424617, -0.998931, 0.000848334, -0.999093, -0.0424538, -0.0756845, 0.525077, 0.0445389)
bind/68/name = &"CC_Base_R_ThighTwist02_end_end"
bind/68/bone = -1
bind/68/pose = Transform3D(-0.999832, -6.94094e-05, -0.0183138, 0.0182942, 0.0424617, -0.998931, 0.000848296, -0.999093, -0.0424538, -0.0756844, 0.298499, 0.0445389)
bind/69/name = &"CC_Base_Waist"
bind/69/bone = -1
bind/69/pose = Transform3D(1, 1.5134e-09, 1.00914e-07, -4.53895e-08, -0.23317, 0.972436, 1.00454e-08, -0.972436, -0.23317, -1.22339e-07, -1.05172, 0.236419)
bind/70/name = &"CC_Base_Spine01"
bind/70/bone = -1
bind/70/pose = Transform3D(1, 1.5134e-09, 1.00914e-07, -4.60215e-08, 0.123896, 0.992295, -6.56742e-09, -0.992295, 0.123896, -1.22339e-07, -1.10925, -0.164389)
bind/71/name = &"CC_Base_Spine02"
bind/71/bone = -1
bind/71/pose = Transform3D(1, 1.5134e-09, 1.00914e-07, -4.54546e-08, 0.192479, 0.981301, -9.74623e-09, -0.981301, 0.192479, -1.22339e-07, -1.2408, -0.251127)
bind/72/name = &"CC_Base_NeckTwist01"
bind/72/bone = -1
bind/72/pose = Transform3D(1, -7.70424e-09, 2.84869e-07, -2.23466e-07, -0.289612, 0.957144, 5.71345e-08, -0.957144, -0.289612, -4.06778e-07, -1.46841, 0.494304)
bind/73/name = &"CC_Base_NeckTwist02"
bind/73/bone = -1
bind/73/pose = Transform3D(1, 3.48937e-08, 1.08999e-07, -4.77933e-08, -0.180458, 0.983583, 4.18776e-08, -0.983583, -0.180458, -1.30078e-07, -1.55326, 0.322163)
bind/74/name = &"CC_Base_Head"
bind/74/bone = -1
bind/74/pose = Transform3D(1, 3.49094e-08, 1.09013e-07, -5.458e-08, 2.09548e-08, 1, 3.25811e-08, -1, -1.62982e-08, -1.32496e-07, -1.63245, 0.0280357)
bind/75/name = &"CC_Base_FacialBone"
bind/75/bone = -1
bind/75/pose = Transform3D(2.09021e-08, 1.89792e-06, 1, 7.83243e-09, -1, 1.86579e-06, 1, 3.48936e-08, 3.35311e-08, -1.63245, 0.0280327, -9.27455e-09)
bind/76/name = &"CC_Base_JawRoot"
bind/76/bone = -1
bind/76/pose = Transform3D(-2.37285e-05, -1, 4.02352e-05, -0.000143156, -4.02628e-05, -1, 1, -2.37072e-05, -0.000143101, 0.00904041, 1.64932, -0.000101042)
bind/77/name = &"CC_Base_Tongue01"
bind/77/bone = -1
bind/77/pose = Transform3D(0.00297463, -0.983154, -0.182757, -0.00020837, 0.182757, -0.983158, 0.999996, 0.00296264, 0.000338828, 0.272353, 1.61462, -0.000792667)
bind/78/name = &"CC_Base_Tongue02"
bind/78/bone = -1
bind/78/pose = Transform3D(0.00440736, -0.9579, -0.287067, -4.32081e-05, 0.28707, -0.95791, 0.99999, 0.00423428, 0.00122388, 0.432476, 1.57711, -0.00219061)
bind/79/name = &"CC_Base_Tongue03"
bind/79/bone = -1
bind/79/pose = Transform3D(0.00440695, -0.957814, -0.287357, -4.76067e-05, 0.28736, -0.957823, 0.99999, 0.00423478, 0.00122084, 0.416217, 1.57689, -0.00218507)
bind/80/name = &"CC_Base_Tongue03_end"
bind/80/bone = -1
bind/80/pose = Transform3D(0.00440695, -0.957814, -0.287357, -4.76057e-05, 0.28736, -0.957823, 0.999991, 0.00423478, 0.00122084, 0.416217, 1.56015, -0.00218507)
bind/81/name = &"CC_Base_Tongue03_end_end"
bind/81/bone = -1
bind/81/pose = Transform3D(0.00440695, -0.957814, -0.287357, -4.76057e-05, 0.28736, -0.957823, 0.99999, 0.00423478, 0.00122084, 0.416217, 1.54341, -0.00218507)
bind/82/name = &"CC_Base_Teeth02"
bind/82/bone = -1
bind/82/pose = Transform3D(0.000170246, -1, 5.0501e-05, -0.00017894, 5.05015e-05, 1, -1, -0.000170285, -0.000178986, -0.0185395, -1.64123, 0.000698811)
bind/83/name = &"CC_Base_Teeth02_end"
bind/83/bone = -1
bind/83/pose = Transform3D(0.000170259, -1, 5.05081e-05, -0.000178942, 5.05086e-05, 1, -1, -0.000170298, -0.000178988, -0.0185395, -1.67479, 0.000698814)
bind/84/name = &"CC_Base_Teeth02_end_end"
bind/84/bone = -1
bind/84/pose = Transform3D(0.000170256, -1, 5.04726e-05, -0.00017894, 5.04731e-05, 1, -1, -0.000170296, -0.000178985, -0.0185394, -1.70834, 0.00069881)
bind/85/name = &"CC_Base_R_Eye"
bind/85/bone = -1
bind/85/pose = Transform3D(1, -1.49302e-05, -0.000129104, 1.49948e-05, 1, 0.000290358, 0.00012915, -0.000290327, 1, 0.03135, 0.0465439, -1.70916)
bind/86/name = &"CC_Base_R_Eye_end"
bind/86/bone = -1
bind/86/pose = Transform3D(1, 0.000138809, -0.000129146, -0.000138763, 1, 0.000149939, 0.000129217, -0.000149888, 1, 0.0313449, -0.0336338, -1.70917)
bind/87/name = &"CC_Base_R_Eye_end_end"
bind/87/bone = -1
bind/87/pose = Transform3D(1, 0.00013875, -0.000129146, -0.000138703, 1, 0.000151836, 0.000129217, -0.000151786, 1, 0.0313449, -0.11405, -1.70917)
bind/88/name = &"CC_Base_L_Eye"
bind/88/bone = -1
bind/88/pose = Transform3D(1, -1.56115e-05, 0.00012935, 1.56766e-05, 1, -0.000294089, -0.000129294, 0.000294123, 1, -0.0308526, 0.0482669, -1.70938)
bind/89/name = &"CC_Base_L_Eye_end"
bind/89/bone = -1
bind/89/pose = Transform3D(1, -0.000154156, 0.00012942, 0.000154202, 1, -0.000144182, -0.000129346, 0.000144234, 1, -0.0308482, -0.0324066, -1.70938)
bind/90/name = &"CC_Base_L_Eye_end_end"
bind/90/bone = -1
bind/90/pose = Transform3D(1, -0.000154127, 0.000129419, 0.000154172, 1, -0.000140387, -0.000129346, 0.000140439, 1, -0.0308482, -0.112826, -1.70938)
bind/91/name = &"CC_Base_UpperJaw"
bind/91/bone = -1
bind/91/pose = Transform3D(8.28163e-05, -1, -1.31606e-05, -4.0162e-06, 1.31225e-05, -1, 1, 8.28434e-05, -3.96068e-06, -0.0372235, 1.66342, -0.000192429)
bind/92/name = &"CC_Base_Teeth01"
bind/92/bone = -1
bind/92/pose = Transform3D(1.44925e-05, -1, 0.000152383, 0.000176581, 0.000152424, 1, -1, -1.44927e-05, 0.000176529, -0.0298836, -1.66872, 0.000114663)
bind/93/name = &"CC_Base_Teeth01_end"
bind/93/bone = -1
bind/93/pose = Transform3D(1.45101e-05, -1, 2.74809e-05, 4.71506e-05, 2.75193e-05, 1, -1, -1.45359e-05, 4.70966e-05, -0.029674, -1.678, 0.000331849)
bind/94/name = &"CC_Base_Teeth01_end_end"
bind/94/bone = -1
bind/94/pose = Transform3D(1.45061e-05, -1, 2.82514e-05, 4.71546e-05, 2.82899e-05, 1, -1, -1.45318e-05, 4.71006e-05, -0.0296753, -1.68728, 0.000331842)
bind/95/name = &"CC_Base_L_Clavicle"
bind/95/bone = -1
bind/95/pose = Transform3D(-0.00196668, 0.00527132, -0.999984, 0.974402, 0.224811, -0.000731128, 0.224804, -0.974388, -0.00557845, 1.49213, -0.0644314, 0.0304273)
bind/96/name = &"CC_Base_L_Upperarm"
bind/96/bone = -1
bind/96/pose = Transform3D(-0.512489, 0.00332278, -0.858687, 0.858623, -0.0108807, -0.512493, -0.0110461, -0.999935, 0.00272325, 1.37604, 0.606293, 0.0634219)
bind/97/name = &"CC_Base_L_Forearm"
bind/97/bone = -1
bind/97/pose = Transform3D(-0.513637, 0.00329789, -0.858001, 0.858006, 0.00381874, -0.513625, 0.00158259, -0.999987, -0.00479104, 1.37561, 0.338179, 0.0683891)
bind/98/name = &"CC_Base_L_ForearmTwist01"
bind/98/bone = -1
bind/98/pose = Transform3D(-0.513648, 0.003304, -0.857995, 0.858, 0.00381909, -0.513636, 0.00157969, -0.999988, -0.00479648, 1.3756, 0.338197, 0.0683977)
bind/99/name = &"CC_Base_L_ForearmTwist02"
bind/99/bone = -1
bind/99/pose = Transform3D(-0.513638, 0.00330453, -0.858001, 0.858006, 0.00381, -0.513626, 0.00157167, -0.999988, -0.00479226, 1.37561, 0.209746, 0.0683904)
bind/100/name = &"CC_Base_L_ForearmTwist02_end"
bind/100/bone = -1
bind/100/pose = Transform3D(-0.513638, 0.00330471, -0.858001, 0.858006, 0.00381, -0.513626, 0.00157158, -0.999987, -0.00479241, 1.37561, 0.0813104, 0.0683906)
bind/101/name = &"CC_Base_L_ForearmTwist02_end_end"
bind/101/bone = -1
bind/101/pose = Transform3D(-0.513638, 0.00330441, -0.858001, 0.858006, 0.00381007, -0.513626, 0.0015718, -0.999987, -0.00479219, 1.37561, -0.0471244, 0.0683902)
bind/102/name = &"CC_Base_L_ElbowShareBone"
bind/102/bone = -1
bind/102/pose = Transform3D(-0.514214, 0.00415159, -0.857653, 0.85766, 0.00474326, -0.514195, 0.00193333, -0.99998, -0.00599968, 1.37532, 0.339037, 0.0698795)
bind/103/name = &"CC_Base_L_ElbowShareBone_end"
bind/103/bone = -1
bind/103/pose = Transform3D(-0.514216, 0.00414894, -0.857651, 0.857659, 0.0047433, -0.514197, 0.00193471, -0.99998, -0.00599744, 1.37532, 0.253417, 0.0698759)
bind/104/name = &"CC_Base_L_ElbowShareBone_end_end"
bind/104/bone = -1
bind/104/pose = Transform3D(-0.514214, 0.00415087, -0.857652, 0.85766, 0.0047433, -0.514196, 0.00193373, -0.99998, -0.00599909, 1.37532, 0.167791, 0.0698786)
bind/105/name = &"CC_Base_L_Hand"
bind/105/bone = -1
bind/105/pose = Transform3D(-0.518165, -0.00155784, -0.85528, 0.850417, 0.105557, -0.515411, 0.0910837, -0.994412, -0.0533711, 1.37547, 0.0818599, 0.0704311)
bind/106/name = &"CC_Base_L_Pinky1"
bind/106/bone = -1
bind/106/pose = Transform3D(-0.498462, 0.00500018, -0.866898, 0.866596, -0.0241358, -0.498427, -0.0234155, -0.999696, 0.00769766, 1.36863, -0.0291495, 0.0983816)
bind/107/name = &"CC_Base_L_Pinky2"
bind/107/bone = -1
bind/107/pose = Transform3D(-0.495277, 0.000999425, -0.868735, 0.867827, -0.0451381, -0.494812, -0.0397076, -0.99898, 0.0214885, 1.36876, -0.0657957, 0.0944315)
bind/108/name = &"CC_Base_L_Pinky3"
bind/108/bone = -1
bind/108/pose = Transform3D(-0.395792, 0.0029457, -0.918336, 0.918144, -0.0194308, -0.395771, -0.0190098, -0.999807, 0.00498598, 1.3504, -0.237157, 0.0978057)
bind/109/name = &"CC_Base_L_Pinky3_end"
bind/109/bone = -1
bind/109/pose = Transform3D(-0.395786, 0.00295136, -0.918339, 0.918146, -0.0194334, -0.395766, -0.0190145, -0.999807, 0.00498172, 1.3504, -0.254812, 0.0978142)
bind/110/name = &"CC_Base_L_Pinky3_end_end"
bind/110/bone = -1
bind/110/pose = Transform3D(-0.395786, 0.00295142, -0.918338, 0.918146, -0.0194318, -0.395766, -0.0190131, -0.999807, 0.00498103, 1.3504, -0.27246, 0.0978138)
bind/111/name = &"CC_Base_L_Ring1"
bind/111/bone = -1
bind/111/pose = Transform3D(-0.516077, 0.00572075, -0.856524, 0.856448, -0.0114291, -0.516107, -0.0127418, -0.999918, 0.000998765, 1.37492, -0.00231678, 0.0808566)
bind/112/name = &"CC_Base_L_Ring2"
bind/112/bone = -1
bind/112/pose = Transform3D(-0.543244, 0.00343212, -0.839568, 0.839497, -0.0114696, -0.543244, -0.011494, -0.999928, 0.00334957, 1.37598, -0.00477246, 0.0772095)
bind/113/name = &"CC_Base_L_Ring3"
bind/113/bone = -1
bind/113/pose = Transform3D(-0.483624, 0.00579648, -0.875257, 0.875272, -4.83317e-05, -0.483632, -0.00284567, -0.999983, -0.00505011, 1.37021, -0.128175, 0.0800665)
bind/114/name = &"CC_Base_L_Ring3_end"
bind/114/bone = -1
bind/114/pose = Transform3D(-0.483623, 0.00579732, -0.875258, 0.875272, -4.81536e-05, -0.483631, -0.00284591, -0.999983, -0.00505093, 1.37021, -0.155207, 0.0800677)
bind/115/name = &"CC_Base_L_Ring3_end_end"
bind/115/bone = -1
bind/115/pose = Transform3D(-0.483623, 0.00579733, -0.875258, 0.875272, -4.83298e-05, -0.483631, -0.00284607, -0.999983, -0.00505085, 1.37021, -0.182237, 0.0800677)
bind/116/name = &"CC_Base_L_Mid1"
bind/116/bone = -1
bind/116/pose = Transform3D(-0.529945, -0.00178891, -0.84803, 0.847639, -0.0315506, -0.529634, -0.0258084, -0.999501, 0.0182364, 1.38119, 0.0182499, 0.0517174)
bind/117/name = &"CC_Base_L_Mid2"
bind/117/bone = -1
bind/117/pose = Transform3D(-0.547013, 0.00541609, -0.837107, 0.836263, -0.0418255, -0.546732, -0.0379736, -0.99911, 0.0183498, 1.38115, -0.0014729, 0.0608023)
bind/118/name = &"CC_Base_L_Mid3"
bind/118/bone = -1
bind/118/pose = Transform3D(-0.513595, 0.00561914, -0.858015, 0.85669, -0.0525646, -0.513146, -0.0479846, -0.998602, 0.022183, 1.3787, -0.0859633, 0.0642726)
bind/119/name = &"CC_Base_L_Mid3_end"
bind/119/bone = -1
bind/119/pose = Transform3D(-0.513595, 0.00561916, -0.858015, 0.85669, -0.0525641, -0.513146, -0.0479842, -0.998602, 0.0221828, 1.3787, -0.116779, 0.0642725)
bind/120/name = &"CC_Base_L_Mid3_end_end"
bind/120/bone = -1
bind/120/pose = Transform3D(-0.513595, 0.00561913, -0.858015, 0.85669, -0.0525645, -0.513146, -0.0479846, -0.998602, 0.022183, 1.3787, -0.147594, 0.0642726)
bind/121/name = &"CC_Base_L_Index1"
bind/121/bone = -1
bind/121/pose = Transform3D(-0.545569, -0.00407144, -0.838056, 0.838048, -0.00915897, -0.545519, -0.0054547, -0.99995, 0.00840892, 1.38021, 0.0428775, 0.0263884)
bind/122/name = &"CC_Base_L_Index2"
bind/122/bone = -1
bind/122/pose = Transform3D(-0.58296, 0.00763816, -0.812465, 0.811944, -0.0315498, -0.582882, -0.0300853, -0.999473, 0.0121905, 1.37839, 0.0639318, 0.0405425)
bind/123/name = &"CC_Base_L_Index3"
bind/123/bone = -1
bind/123/pose = Transform3D(-0.539979, 0.00901474, -0.841631, 0.84041, -0.0491017, -0.539722, -0.046191, -0.998753, 0.0189378, 1.37823, -0.0354978, 0.0453289)
bind/124/name = &"CC_Base_L_Index3_end"
bind/124/bone = -1
bind/124/pose = Transform3D(-0.539974, 0.00902054, -0.841634, 0.840414, -0.0491035, -0.539717, -0.0461957, -0.998753, 0.0189336, 1.37823, -0.0641854, 0.0453374)
bind/125/name = &"CC_Base_L_Index3_end_end"
bind/125/bone = -1
bind/125/pose = Transform3D(-0.539979, 0.00901476, -0.841631, 0.84041, -0.0491027, -0.539722, -0.0461918, -0.998753, 0.0189383, 1.37823, -0.0928575, 0.0453289)
bind/126/name = &"CC_Base_L_Thumb1"
bind/126/bone = -1
bind/126/pose = Transform3D(-0.637949, -0.185193, -0.747479, 0.602539, -0.724493, -0.334749, -0.47955, -0.663938, 0.573775, 1.32576, 0.0404982, -0.35621)
bind/127/name = &"CC_Base_L_Thumb2"
bind/127/bone = -1
bind/127/pose = Transform3D(-0.581442, -0.228301, -0.7809, 0.781673, -0.422952, -0.458365, -0.225638, -0.876921, 0.424379, 1.32656, 0.00704646, -0.353644)
bind/128/name = &"CC_Base_L_Thumb3"
bind/128/bone = -1
bind/128/pose = Transform3D(-0.518596, -0.258625, -0.814968, 0.819356, -0.422733, -0.387236, -0.244365, -0.868568, 0.431134, 1.32148, -0.133599, -0.348149)
bind/129/name = &"CC_Base_L_Thumb3_end"
bind/129/bone = -1
bind/129/pose = Transform3D(-0.518601, -0.258629, -0.814963, 0.819354, -0.422734, -0.38724, -0.244361, -0.868567, 0.431139, 1.32148, -0.1639, -0.348158)
bind/130/name = &"CC_Base_L_Thumb3_end_end"
bind/130/bone = -1
bind/130/pose = Transform3D(-0.518594, -0.258623, -0.814969, 0.819357, -0.422734, -0.387235, -0.244366, -0.868568, 0.431132, 1.32148, -0.194214, -0.348146)
bind/131/name = &"CC_Base_L_UpperarmTwist01"
bind/131/bone = -1
bind/131/pose = Transform3D(-0.512346, 0.000680161, -0.858779, 0.858729, -0.0104407, -0.512324, -0.00931469, -0.999945, 0.00476517, 1.37632, 0.605993, 0.0600549)
bind/132/name = &"CC_Base_L_UpperarmTwist02"
bind/132/bone = -1
bind/132/pose = Transform3D(-0.512319, 0.00332183, -0.858789, 0.858729, -0.010443, -0.512324, -0.0106702, -0.99994, 0.00249763, 1.37614, 0.4715, 0.0636519)
bind/133/name = &"CC_Base_L_UpperarmTwist02_end"
bind/133/bone = -1
bind/133/pose = Transform3D(-0.512321, 0.00331996, -0.858788, 0.858728, -0.0104431, -0.512325, -0.0106693, -0.99994, 0.00249926, 1.37614, 0.33701, 0.0636493)
bind/134/name = &"CC_Base_L_UpperarmTwist02_end_end"
bind/134/bone = -1
bind/134/pose = Transform3D(-0.512319, 0.00332147, -0.858789, 0.858729, -0.010443, -0.512324, -0.01067, -0.99994, 0.00249793, 1.37614, 0.202516, 0.0636514)
bind/135/name = &"CC_Base_L_RibsTwist"
bind/135/bone = -1
bind/135/pose = Transform3D(-1, -7.15428e-06, 1.25566e-05, 7.15176e-06, -1, -1.5325e-05, 1.26112e-05, -1.54971e-05, 1, 0.109721, -0.0922791, -1.35808)
bind/136/name = &"CC_Base_L_Breast"
bind/136/bone = -1
bind/136/pose = Transform3D(-1, -7.15429e-06, 1.26528e-05, 7.15176e-06, -1, -1.5082e-05, 1.27074e-05, -1.52583e-05, 1, 0.10972, -0.112279, -1.35808)
bind/137/name = &"CC_Base_L_Breast_end"
bind/137/bone = -1
bind/137/pose = Transform3D(-1, -7.15429e-06, 1.26528e-05, 7.15176e-06, -1, -1.5082e-05, 1.27074e-05, -1.52583e-05, 1, 0.10972, -0.132279, -1.35808)
bind/138/name = &"CC_Base_L_Breast_end_end"
bind/138/bone = -1
bind/138/pose = Transform3D(-1, -7.15429e-06, 1.26528e-05, 7.15176e-06, -1, -1.5082e-05, 1.27074e-05, -1.52583e-05, 1, 0.10972, -0.152279, -1.35808)
bind/139/name = &"CC_Base_R_RibsTwist"
bind/139/bone = -1
bind/139/pose = Transform3D(-1, 9.05869e-06, -1.69836e-05, -9.06074e-06, -1, -1.54415e-05, -1.69293e-05, -1.56717e-05, 1, -0.109714, -0.0922791, -1.35808)
bind/140/name = &"CC_Base_R_Breast"
bind/140/bone = -1
bind/140/pose = Transform3D(-1, 9.05867e-06, -1.69883e-05, -9.06073e-06, -1, -1.50225e-05, -1.6934e-05, -1.52583e-05, 1, -0.109714, -0.11228, -1.35808)
bind/141/name = &"CC_Base_R_Breast_end"
bind/141/bone = -1
bind/141/pose = Transform3D(-1, 9.05867e-06, -1.69882e-05, -9.06074e-06, -1, -1.50225e-05, -1.6934e-05, -1.52583e-05, 1, -0.109714, -0.13228, -1.35808)
bind/142/name = &"CC_Base_R_Breast_end_end"
bind/142/bone = -1
bind/142/pose = Transform3D(-1, 9.05867e-06, -1.69882e-05, -9.06073e-06, -1, -1.50225e-05, -1.6934e-05, -1.52583e-05, 1, -0.109714, -0.15228, -1.35808)
bind/143/name = &"CC_Base_R_Clavicle"
bind/143/bone = -1
bind/143/pose = Transform3D(-0.00196677, -0.00527132, 0.999984, -0.974402, 0.224811, -0.000731324, -0.224804, -0.974388, -0.00557849, -1.49213, -0.0644312, 0.0304274)
bind/144/name = &"CC_Base_R_Upperarm"
bind/144/bone = -1
bind/144/pose = Transform3D(-0.51249, -0.00332278, 0.858687, -0.858623, -0.0108807, -0.512493, 0.0110461, -0.999935, 0.00272326, -1.37604, 0.606293, 0.0634219)
bind/145/name = &"CC_Base_R_Forearm"
bind/145/bone = -1
bind/145/pose = Transform3D(-0.513637, -0.00329789, 0.858001, -0.858006, 0.00381874, -0.513625, -0.00158259, -0.999987, -0.00479104, -1.37561, 0.338179, 0.0683891)
bind/146/name = &"CC_Base_R_ElbowShareBone"
bind/146/bone = -1
bind/146/pose = Transform3D(-0.514214, -0.00415159, 0.857653, -0.85766, 0.00474325, -0.514195, -0.00193333, -0.99998, -0.00599968, -1.37532, 0.339037, 0.0698795)
bind/147/name = &"CC_Base_R_ElbowShareBone_end"
bind/147/bone = -1
bind/147/pose = Transform3D(-0.514216, -0.00414894, 0.857651, -0.857659, 0.0047433, -0.514197, -0.00193471, -0.99998, -0.00599744, -1.37532, 0.253418, 0.0698759)
bind/148/name = &"CC_Base_R_ElbowShareBone_end_end"
bind/148/bone = -1
bind/148/pose = Transform3D(-0.514214, -0.00415087, 0.857652, -0.85766, 0.0047433, -0.514196, -0.00193373, -0.99998, -0.00599909, -1.37532, 0.167791, 0.0698786)
bind/149/name = &"CC_Base_R_ForearmTwist01"
bind/149/bone = -1
bind/149/pose = Transform3D(-0.513648, -0.003304, 0.857995, -0.858, 0.00381908, -0.513636, -0.00157969, -0.999988, -0.00479648, -1.3756, 0.338197, 0.0683977)
bind/150/name = &"CC_Base_R_ForearmTwist02"
bind/150/bone = -1
bind/150/pose = Transform3D(-0.513638, -0.00330454, 0.858001, -0.858006, 0.00380999, -0.513626, -0.00157167, -0.999988, -0.00479226, -1.37561, 0.209746, 0.0683904)
bind/151/name = &"CC_Base_R_ForearmTwist02_end"
bind/151/bone = -1
bind/151/pose = Transform3D(-0.513638, -0.00330471, 0.858001, -0.858006, 0.00380999, -0.513626, -0.00157158, -0.999987, -0.00479241, -1.37561, 0.0813107, 0.0683906)
bind/152/name = &"CC_Base_R_ForearmTwist02_end_end"
bind/152/bone = -1
bind/152/pose = Transform3D(-0.513638, -0.00330441, 0.858001, -0.858006, 0.00381007, -0.513627, -0.0015718, -0.999987, -0.00479219, -1.37561, -0.0471242, 0.0683902)
bind/153/name = &"CC_Base_R_Hand"
bind/153/bone = -1
bind/153/pose = Transform3D(-0.518165, 0.00155784, 0.855279, -0.850417, 0.105557, -0.515412, -0.0910837, -0.994412, -0.0533712, -1.37547, 0.0818601, 0.0704311)
bind/154/name = &"CC_Base_R_Ring1"
bind/154/bone = -1
bind/154/pose = Transform3D(-0.516077, -0.00572075, 0.856524, -0.856448, -0.0114291, -0.516107, 0.0127418, -0.999918, 0.000998767, -1.37492, -0.00231657, 0.0808566)
bind/155/name = &"CC_Base_R_Ring2"
bind/155/bone = -1
bind/155/pose = Transform3D(-0.543244, -0.00343212, 0.839568, -0.839497, -0.0114697, -0.543244, 0.011494, -0.999928, 0.00334957, -1.37598, -0.00477225, 0.0772095)
bind/156/name = &"CC_Base_R_Ring3"
bind/156/bone = -1
bind/156/pose = Transform3D(-0.483624, -0.00579648, 0.875257, -0.875272, -4.83344e-05, -0.483632, 0.00284567, -0.999983, -0.00505011, -1.37021, -0.128175, 0.0800665)
bind/157/name = &"CC_Base_R_Ring3_end"
bind/157/bone = -1
bind/157/pose = Transform3D(-0.483623, -0.00579732, 0.875258, -0.875272, -4.81563e-05, -0.483631, 0.00284591, -0.999983, -0.00505093, -1.37021, -0.155207, 0.0800677)
bind/158/name = &"CC_Base_R_Ring3_end_end"
bind/158/bone = -1
bind/158/pose = Transform3D(-0.483623, -0.00579733, 0.875257, -0.875272, -4.83325e-05, -0.483631, 0.00284607, -0.999983, -0.00505085, -1.37021, -0.182237, 0.0800677)
bind/159/name = &"CC_Base_R_Mid1"
bind/159/bone = -1
bind/159/pose = Transform3D(-0.529946, 0.00178891, 0.84803, -0.847639, -0.0315506, -0.529634, 0.0258084, -0.999501, 0.0182364, -1.38119, 0.0182501, 0.0517173)
bind/160/name = &"CC_Base_R_Mid2"
bind/160/bone = -1
bind/160/pose = Transform3D(-0.547013, -0.00541609, 0.837107, -0.836263, -0.0418255, -0.546732, 0.0379736, -0.99911, 0.0183498, -1.38115, -0.00147269, 0.0608023)
bind/161/name = &"CC_Base_R_Mid3"
bind/161/bone = -1
bind/161/pose = Transform3D(-0.513595, -0.00561914, 0.858015, -0.85669, -0.0525646, -0.513146, 0.0479846, -0.998602, 0.022183, -1.3787, -0.0859631, 0.0642726)
bind/162/name = &"CC_Base_R_Mid3_end"
bind/162/bone = -1
bind/162/pose = Transform3D(-0.513595, -0.00561916, 0.858015, -0.85669, -0.0525641, -0.513146, 0.0479842, -0.998602, 0.0221828, -1.3787, -0.116779, 0.0642725)
bind/163/name = &"CC_Base_R_Mid3_end_end"
bind/163/bone = -1
bind/163/pose = Transform3D(-0.513595, -0.00561914, 0.858015, -0.85669, -0.0525645, -0.513146, 0.0479846, -0.998602, 0.022183, -1.3787, -0.147594, 0.0642726)
bind/164/name = &"CC_Base_R_Thumb1"
bind/164/bone = -1
bind/164/pose = Transform3D(-0.637946, 0.185191, 0.747483, -0.60254, -0.724492, -0.334748, 0.479553, -0.663939, 0.573771, -1.32576, 0.0404957, -0.356203)
bind/165/name = &"CC_Base_R_Thumb2"
bind/165/bone = -1
bind/165/pose = Transform3D(-0.581441, 0.2283, 0.7809, -0.781673, -0.422953, -0.458364, 0.225639, -0.876921, 0.424379, -1.32656, 0.00704516, -0.353643)
bind/166/name = &"CC_Base_R_Thumb3"
bind/166/bone = -1
bind/166/pose = Transform3D(-0.518577, 0.25861, 0.814984, -0.819363, -0.422733, -0.387222, 0.244381, -0.868572, 0.431115, -1.32148, -0.13362, -0.348116)
bind/167/name = &"CC_Base_R_Thumb3_end"
bind/167/bone = -1
bind/167/pose = Transform3D(-0.518577, 0.25861, 0.814984, -0.819363, -0.422733, -0.387222, 0.244381, -0.868573, 0.431115, -1.32148, -0.163927, -0.348116)
bind/168/name = &"CC_Base_R_Thumb3_end_end"
bind/168/bone = -1
bind/168/pose = Transform3D(-0.518577, 0.25861, 0.814984, -0.819363, -0.422733, -0.387222, 0.244381, -0.868573, 0.431115, -1.32148, -0.194233, -0.348116)
bind/169/name = &"CC_Base_R_Index1"
bind/169/bone = -1
bind/169/pose = Transform3D(-0.54557, 0.00407144, 0.838056, -0.838048, -0.00915897, -0.54552, 0.0054547, -0.99995, 0.00840892, -1.38021, 0.0428777, 0.0263884)
bind/170/name = &"CC_Base_R_Index2"
bind/170/bone = -1
bind/170/pose = Transform3D(-0.58296, -0.00763816, 0.812465, -0.811944, -0.0315498, -0.582882, 0.0300853, -0.999473, 0.0121905, -1.37839, 0.063932, 0.0405425)
bind/171/name = &"CC_Base_R_Index3"
bind/171/bone = -1
bind/171/pose = Transform3D(-0.539979, -0.00901474, 0.841631, -0.84041, -0.0491017, -0.539722, 0.046191, -0.998753, 0.0189378, -1.37823, -0.0354976, 0.0453288)
bind/172/name = &"CC_Base_R_Index3_end"
bind/172/bone = -1
bind/172/pose = Transform3D(-0.539974, -0.00902054, 0.841634, -0.840414, -0.0491035, -0.539717, 0.0461957, -0.998753, 0.0189336, -1.37823, -0.0641852, 0.0453373)
bind/173/name = &"CC_Base_R_Index3_end_end"
bind/173/bone = -1
bind/173/pose = Transform3D(-0.539979, -0.00901476, 0.841631, -0.84041, -0.0491028, -0.539722, 0.0461918, -0.998753, 0.0189384, -1.37823, -0.0928573, 0.0453289)
bind/174/name = &"CC_Base_R_Pinky1"
bind/174/bone = -1
bind/174/pose = Transform3D(-0.498462, -0.00500018, 0.866898, -0.866596, -0.0241358, -0.498427, 0.0234155, -0.999696, 0.00769767, -1.36863, -0.0291492, 0.0983816)
bind/175/name = &"CC_Base_R_Pinky2"
bind/175/bone = -1
bind/175/pose = Transform3D(-0.495277, -0.000999426, 0.868734, -0.867827, -0.0451381, -0.494812, 0.0397076, -0.99898, 0.0214886, -1.36876, -0.0657955, 0.0944315)
bind/176/name = &"CC_Base_R_Pinky3"
bind/176/bone = -1
bind/176/pose = Transform3D(-0.395792, -0.0029457, 0.918336, -0.918144, -0.0194308, -0.395771, 0.0190098, -0.999807, 0.00498598, -1.3504, -0.237157, 0.0978057)
bind/177/name = &"CC_Base_R_Pinky3_end"
bind/177/bone = -1
bind/177/pose = Transform3D(-0.395786, -0.00295136, 0.918338, -0.918146, -0.0194334, -0.395766, 0.0190145, -0.999807, 0.00498172, -1.3504, -0.254812, 0.0978142)
bind/178/name = &"CC_Base_R_Pinky3_end_end"
bind/178/bone = -1
bind/178/pose = Transform3D(-0.395786, -0.00295142, 0.918338, -0.918146, -0.0194318, -0.395766, 0.0190131, -0.999807, 0.00498103, -1.3504, -0.27246, 0.0978138)
bind/179/name = &"CC_Base_R_UpperarmTwist01"
bind/179/bone = -1
bind/179/pose = Transform3D(-0.512346, -0.000680162, 0.858779, -0.858729, -0.0104407, -0.512325, 0.00931469, -0.999945, 0.00476517, -1.37632, 0.605994, 0.0600549)
bind/180/name = &"CC_Base_R_UpperarmTwist02"
bind/180/bone = -1
bind/180/pose = Transform3D(-0.512319, -0.00332183, 0.858789, -0.858729, -0.010443, -0.512324, 0.0106702, -0.99994, 0.00249763, -1.37614, 0.4715, 0.0636519)
bind/181/name = &"CC_Base_R_UpperarmTwist02_end"
bind/181/bone = -1
bind/181/pose = Transform3D(-0.512321, -0.00331996, 0.858788, -0.858728, -0.0104431, -0.512325, 0.0106693, -0.99994, 0.00249927, -1.37614, 0.33701, 0.0636493)
bind/182/name = &"CC_Base_R_UpperarmTwist02_end_end"
bind/182/bone = -1
bind/182/pose = Transform3D(-0.51232, -0.00332147, 0.858789, -0.858729, -0.010443, -0.512324, 0.01067, -0.99994, 0.00249794, -1.37614, 0.202516, 0.0636514)
