[gd_resource type="Skin" format=3]

[resource]
resource_name = "Skin4"
bind_count = 142
bind/0/name = &"RL_BoneRoot"
bind/0/bone = -1
bind/0/pose = Transform3D(1, 2.32831e-10, 7.28505e-08, 1.16415e-10, 1, 1.16417e-09, -4.60095e-08, 0, 1, -3.68804e-08, 1.78814e-09, -1.10473e-07)
bind/1/name = &"CC_Base_Hip"
bind/1/bone = -1
bind/1/pose = Transform3D(1, 2.32831e-10, 7.28505e-08, -4.60095e-08, 0, 1, -1.16415e-10, -1, -1.16417e-09, -3.68804e-08, -0.997274, -1.78814e-09)
bind/2/name = &"CC_Base_Pelvis"
bind/2/bone = -1
bind/2/pose = Transform3D(1, 1.4368e-08, -7.71139e-08, 1.04743e-07, -0.186855, 0.982388, -5.65259e-09, -0.982388, -0.186855, 1.12675e-07, -0.97971, 0.186346)
bind/3/name = &"CC_Base_L_Thigh"
bind/3/bone = -1
bind/3/pose = Transform3D(-0.999832, 7.74197e-05, 0.0183296, -0.0183099, 0.0425092, -0.998929, -0.00085518, -0.999101, -0.0425001, 0.075706, 0.978231, 0.0445732)
bind/4/name = &"CC_Base_L_Calf"
bind/4/bone = -1
bind/4/pose = Transform3D(-0.999845, 0.000411793, 0.0176203, -0.0176145, 0.0115148, -0.999779, -0.000613262, -0.999939, -0.0115053, 0.0760049, 0.52615, 0.0283006)
bind/5/name = &"CC_Base_L_Foot"
bind/5/bone = -1
bind/5/pose = Transform3D(-0.994306, -0.10647, 0.0044379, 0.102611, -0.967842, -0.229701, 0.0287515, -0.227939, 0.973252, 0.0792588, 0.0315624, -0.0501529)
bind/6/name = &"CC_Base_L_ToeBaseShareBone"
bind/6/bone = -1
bind/6/pose = Transform3D(-0.996317, -0.0747387, -0.0420407, 0.0733416, -0.996737, 0.0338718, -0.0444348, 0.0306638, 0.998542, 0.0842395, -0.128227, -0.012557)
bind/7/name = &"CC_Base_L_ToeBaseShareBone_end"
bind/7/bone = -1
bind/7/pose = Transform3D(-0.996317, -0.0747387, -0.0420411, 0.0733415, -0.996737, 0.0338719, -0.0444351, 0.0306637, 0.998542, 0.0842395, -0.28185, -0.0125569)
bind/8/name = &"CC_Base_L_ToeBase"
bind/8/bone = -1
bind/8/pose = Transform3D(-0.996333, -0.0747271, -0.0416812, 0.0733406, -0.996737, 0.0338823, -0.0440768, 0.0307011, 0.998556, 0.0842351, -0.128227, -0.0125859)
bind/9/name = &"CC_Base_L_PinkyToe1"
bind/9/bone = -1
bind/9/pose = Transform3D(-0.994741, -0.00244887, -0.102391, 0.0368535, -0.94132, -0.335511, -0.0955599, -0.337522, 0.936455, 0.122566, -0.115957, -0.045791)
bind/10/name = &"CC_Base_L_PinkyToe1_end"
bind/10/bone = -1
bind/10/pose = Transform3D(-0.994741, -0.00244881, -0.102391, 0.0368535, -0.94132, -0.335511, -0.09556, -0.337522, 0.936455, 0.122566, -0.146128, -0.045791)
bind/11/name = &"CC_Base_L_RingToe1"
bind/11/bone = -1
bind/11/pose = Transform3D(-0.990629, -0.0190533, -0.135243, 0.0698485, -0.921615, -0.381781, -0.117366, -0.387652, 0.914305, 0.107453, -0.125054, -0.0585537)
bind/12/name = &"CC_Base_L_RingToe1_end"
bind/12/bone = -1
bind/12/pose = Transform3D(-0.990629, -0.0190534, -0.135243, 0.0698485, -0.921614, -0.381781, -0.117366, -0.387652, 0.914305, 0.107453, -0.155226, -0.0585538)
bind/13/name = &"CC_Base_L_MidToe1"
bind/13/bone = -1
bind/13/pose = Transform3D(-0.991963, -0.0496092, -0.1164, 0.0758541, -0.96946, -0.233243, -0.101273, -0.2402, 0.965427, 0.0890646, -0.143287, -0.0458927)
bind/14/name = &"CC_Base_L_MidToe1_end"
bind/14/bone = -1
bind/14/pose = Transform3D(-0.991963, -0.049609, -0.116401, 0.0758541, -0.96946, -0.233243, -0.101274, -0.2402, 0.965427, 0.0890646, -0.173459, -0.0458926)
bind/15/name = &"CC_Base_L_IndexToe1"
bind/15/bone = -1
bind/15/pose = Transform3D(-0.990835, -0.0489499, -0.125896, 0.0802605, -0.963016, -0.257233, -0.108648, -0.264981, 0.958114, 0.0732141, -0.14211, -0.0532466)
bind/16/name = &"CC_Base_L_IndexToe1_end"
bind/16/bone = -1
bind/16/pose = Transform3D(-0.990835, -0.0489493, -0.125899, 0.0802607, -0.963016, -0.257233, -0.10865, -0.264981, 0.958114, 0.0732142, -0.172281, -0.0532464)
bind/17/name = &"CC_Base_L_BigToe1"
bind/17/bone = -1
bind/17/pose = Transform3D(-0.9967, -0.0694507, -0.0420133, 0.0690076, -0.99755, 0.0119311, -0.0427387, 0.00899233, 0.999046, 0.0463979, -0.151214, -0.0163205)
bind/18/name = &"CC_Base_L_BigToe1_end"
bind/18/bone = -1
bind/18/pose = Transform3D(-0.9967, -0.0694505, -0.0420133, 0.0690075, -0.99755, 0.0119311, -0.0427387, 0.00899233, 0.999046, 0.046398, -0.181385, -0.0163205)
bind/19/name = &"CC_Base_L_CalfTwist01"
bind/19/bone = -1
bind/19/pose = Transform3D(-0.999844, 0.000410946, 0.0176386, -0.0176328, 0.0115292, -0.999778, -0.000612879, -0.999939, -0.0115198, 0.0759953, 0.526151, 0.0283081)
bind/20/name = &"CC_Base_L_CalfTwist02"
bind/20/bone = -1
bind/20/pose = Transform3D(-0.999844, 0.000435227, 0.0176422, -0.0176361, 0.0115319, -0.999778, -0.000637245, -0.999939, -0.0115221, 0.0759985, 0.291445, 0.0282771)
bind/21/name = &"CC_Base_L_CalfTwist02_end"
bind/21/bone = -1
bind/21/pose = Transform3D(-0.999844, 0.000435227, 0.0176422, -0.0176361, 0.0115319, -0.999778, -0.000637245, -0.999939, -0.0115221, 0.0759984, 0.0567379, 0.0282771)
bind/22/name = &"CC_Base_L_KneeShareBone"
bind/22/bone = -1
bind/22/pose = Transform3D(-0.999308, 0.0325703, 0.0179676, -0.0176012, 0.0115045, -0.999779, -0.0327683, -0.999409, -0.0109229, 0.0750626, 0.52615, 0.0307252)
bind/23/name = &"CC_Base_L_KneeShareBone_end"
bind/23/bone = -1
bind/23/pose = Transform3D(-0.999308, 0.0325701, 0.0179676, -0.0176012, 0.0115045, -0.999779, -0.0327681, -0.999408, -0.0109229, 0.0750627, 0.369678, 0.0307251)
bind/24/name = &"CC_Base_L_ThighTwist01"
bind/24/bone = -1
bind/24/pose = Transform3D(-0.999832, 7.54392e-05, 0.0183141, -0.0182945, 0.0424632, -0.998931, -0.000851701, -0.999103, -0.0424542, 0.0757211, 0.978232, 0.0445279)
bind/25/name = &"CC_Base_L_ThighTwist02"
bind/25/bone = -1
bind/25/pose = Transform3D(-0.999832, 7.15007e-05, 0.018314, -0.0182946, 0.0424633, -0.998931, -0.000847766, -0.999103, -0.0424543, 0.0756842, 0.751654, 0.0445394)
bind/26/name = &"CC_Base_L_ThighTwist02_end"
bind/26/bone = -1
bind/26/pose = Transform3D(-0.999832, 7.15101e-05, 0.018314, -0.0182946, 0.0424633, -0.998931, -0.000847776, -0.999103, -0.0424543, 0.0756842, 0.525076, 0.0445394)
bind/27/name = &"CC_Base_R_Thigh"
bind/27/bone = -1
bind/27/pose = Transform3D(-0.999832, -7.61735e-05, -0.0183293, 0.0183095, 0.0425091, -0.998929, 0.000854039, -0.999101, -0.0425, -0.0757063, 0.978231, 0.044573)
bind/28/name = &"CC_Base_R_Calf"
bind/28/bone = -1
bind/28/pose = Transform3D(-0.999845, -0.000410437, -0.0176202, 0.0176143, 0.0115144, -0.999779, 0.000612018, -0.999938, -0.011505, -0.0760052, 0.526151, 0.0283003)
bind/29/name = &"CC_Base_R_KneeShareBone"
bind/29/bone = -1
bind/29/pose = Transform3D(-0.999308, -0.0325688, -0.0179675, 0.0176011, 0.011504, -0.999779, 0.0327669, -0.999408, -0.0109224, -0.0750629, 0.52615, 0.0307248)
bind/30/name = &"CC_Base_R_KneeShareBone_end"
bind/30/bone = -1
bind/30/pose = Transform3D(-0.999308, -0.0325687, -0.0179675, 0.0176011, 0.011504, -0.999779, 0.0327668, -0.999408, -0.0109224, -0.0750629, 0.369679, 0.0307247)
bind/31/name = &"CC_Base_R_Foot"
bind/31/bone = -1
bind/31/pose = Transform3D(-0.994306, 0.106468, -0.00443699, -0.10261, -0.967842, -0.229699, -0.0287501, -0.227937, 0.973252, -0.079259, 0.0315622, -0.0501531)
bind/32/name = &"CC_Base_R_ToeBase"
bind/32/bone = -1
bind/32/pose = Transform3D(-0.996332, 0.074726, 0.0416856, -0.0733392, -0.996736, 0.0338817, 0.0440812, 0.0307001, 0.998556, -0.0842354, -0.128229, -0.0125856)
bind/33/name = &"CC_Base_R_BigToe1"
bind/33/bone = -1
bind/33/pose = Transform3D(-0.996701, 0.0694498, 0.0420107, -0.0690066, -0.99755, 0.0119304, 0.0427361, 0.00899192, 0.999046, -0.0463981, -0.151216, -0.0163208)
bind/34/name = &"CC_Base_R_BigToe1_end"
bind/34/bone = -1
bind/34/pose = Transform3D(-0.996701, 0.0694498, 0.0420107, -0.0690066, -0.99755, 0.0119304, 0.0427361, 0.00899191, 0.999046, -0.0463981, -0.181388, -0.0163207)
bind/35/name = &"CC_Base_R_PinkyToe1"
bind/35/bone = -1
bind/35/pose = Transform3D(-0.994742, 0.00244888, 0.10239, -0.0368526, -0.941321, -0.335509, 0.0955588, -0.337519, 0.936457, -0.122566, -0.115959, -0.0457916)
bind/36/name = &"CC_Base_R_PinkyToe1_end"
bind/36/bone = -1
bind/36/pose = Transform3D(-0.994742, 0.00244899, 0.102389, -0.0368527, -0.941321, -0.335509, 0.0955587, -0.337519, 0.936457, -0.122566, -0.14613, -0.0457916)
bind/37/name = &"CC_Base_R_RingToe1"
bind/37/bone = -1
bind/37/pose = Transform3D(-0.99063, 0.0190533, 0.135242, -0.0698478, -0.921615, -0.381778, 0.117366, -0.387649, 0.914306, -0.107453, -0.125056, -0.0585543)
bind/38/name = &"CC_Base_R_RingToe1_end"
bind/38/bone = -1
bind/38/pose = Transform3D(-0.99063, 0.0190535, 0.135242, -0.0698478, -0.921615, -0.381778, 0.117366, -0.387649, 0.914306, -0.107453, -0.155228, -0.0585543)
bind/39/name = &"CC_Base_R_IndexToe1"
bind/39/bone = -1
bind/39/pose = Transform3D(-0.990835, 0.0489493, 0.125897, -0.0802597, -0.963016, -0.257231, 0.108649, -0.264979, 0.958115, -0.0732143, -0.142112, -0.0532469)
bind/40/name = &"CC_Base_R_IndexToe1_end"
bind/40/bone = -1
bind/40/pose = Transform3D(-0.990835, 0.0489496, 0.125895, -0.0802596, -0.963016, -0.257231, 0.108647, -0.264979, 0.958115, -0.0732142, -0.172283, -0.053247)
bind/41/name = &"CC_Base_R_MidToe1"
bind/41/bone = -1
bind/41/pose = Transform3D(-0.991963, 0.0496084, 0.1164, -0.0758531, -0.96946, -0.233242, 0.101274, -0.240197, 0.965427, -0.0890649, -0.143289, -0.045893)
bind/42/name = &"CC_Base_R_MidToe1_end"
bind/42/bone = -1
bind/42/pose = Transform3D(-0.991963, 0.0496086, 0.116399, -0.0758531, -0.969461, -0.233242, 0.101273, -0.240197, 0.965428, -0.0890648, -0.173461, -0.045893)
bind/43/name = &"CC_Base_R_ToeBaseShareBone"
bind/43/bone = -1
bind/43/pose = Transform3D(-0.996317, 0.0747378, 0.0420412, -0.0733406, -0.996736, 0.0338712, 0.0444353, 0.030663, 0.998542, -0.0842398, -0.128229, -0.012557)
bind/44/name = &"CC_Base_R_ToeBaseShareBone_end"
bind/44/bone = -1
bind/44/pose = Transform3D(-0.996317, 0.0747378, 0.0420415, -0.0733406, -0.996736, 0.0338712, 0.0444356, 0.030663, 0.998542, -0.0842398, -0.281852, -0.0125569)
bind/45/name = &"CC_Base_R_CalfTwist01"
bind/45/bone = -1
bind/45/pose = Transform3D(-0.999844, -0.000409716, -0.0176385, 0.0176327, 0.0115286, -0.999778, 0.000611758, -0.999938, -0.0115192, -0.0759956, 0.526152, 0.0283077)
bind/46/name = &"CC_Base_R_CalfTwist02"
bind/46/bone = -1
bind/46/pose = Transform3D(-0.999844, -0.00043379, -0.0176421, 0.017636, 0.0115314, -0.999778, 0.000635917, -0.999938, -0.0115216, -0.0759987, 0.291445, 0.0282767)
bind/47/name = &"CC_Base_R_CalfTwist02_end"
bind/47/bone = -1
bind/47/pose = Transform3D(-0.999844, -0.000433789, -0.0176421, 0.017636, 0.0115314, -0.999778, 0.000635917, -0.999938, -0.0115216, -0.0759987, 0.0567382, 0.0282767)
bind/48/name = &"CC_Base_R_ThighTwist01"
bind/48/bone = -1
bind/48/pose = Transform3D(-0.999832, -7.40499e-05, -0.0183139, 0.0182943, 0.0424631, -0.998931, 0.000850422, -0.999103, -0.0424541, -0.0757214, 0.978232, 0.0445278)
bind/49/name = &"CC_Base_R_ThighTwist02"
bind/49/bone = -1
bind/49/pose = Transform3D(-0.999832, -7.01224e-05, -0.0183138, 0.0182944, 0.0424631, -0.998931, 0.000846497, -0.999103, -0.0424542, -0.0756845, 0.751654, 0.0445392)
bind/50/name = &"CC_Base_R_ThighTwist02_end"
bind/50/bone = -1
bind/50/pose = Transform3D(-0.999832, -7.01221e-05, -0.0183138, 0.0182944, 0.0424631, -0.998931, 0.000846496, -0.999103, -0.0424542, -0.0756845, 0.525077, 0.0445392)
bind/51/name = &"CC_Base_Waist"
bind/51/bone = -1
bind/51/pose = Transform3D(1, 2.32831e-10, 7.28505e-08, -4.47685e-08, -0.23317, 0.972436, 1.06148e-08, -0.972436, -0.23317, -3.68804e-08, -1.05172, 0.236419)
bind/52/name = &"CC_Base_Spine01"
bind/52/bone = -1
bind/52/pose = Transform3D(1, 2.32831e-10, 7.28505e-08, -4.56406e-08, 0.123896, 0.992295, -5.81592e-09, -0.992295, 0.123896, -3.68804e-08, -1.10926, -0.164389)
bind/53/name = &"CC_Base_Spine02"
bind/53/bone = -1
bind/53/pose = Transform3D(1, 2.32831e-10, 7.28505e-08, -4.51268e-08, 0.192479, 0.981301, -8.97011e-09, -0.981301, 0.192479, -3.68804e-08, -1.2408, -0.251127)
bind/54/name = &"CC_Base_NeckTwist01"
bind/54/bone = -1
bind/54/pose = Transform3D(1, -8.98519e-09, 2.56806e-07, -2.22813e-07, -0.289612, 0.957144, 5.76661e-08, -0.957144, -0.289612, -3.2132e-07, -1.46842, 0.494303)
bind/55/name = &"CC_Base_NeckTwist02"
bind/55/bone = -1
bind/55/pose = Transform3D(1, 3.36132e-08, 8.09357e-08, -4.72039e-08, -0.180458, 0.983583, 4.24796e-08, -0.983583, -0.180458, -4.46194e-08, -1.55326, 0.322163)
bind/56/name = &"CC_Base_Head"
bind/56/bone = -1
bind/56/pose = Transform3D(1, 3.36236e-08, 8.09471e-08, -5.41061e-08, -3.48638e-08, 1, 3.32744e-08, -1, -1.27449e-08, -4.70327e-08, -1.63245, 0.0280357)
bind/57/name = &"CC_Base_FacialBone"
bind/57/bone = -1
bind/57/pose = Transform3D(2.13814e-08, 1.89752e-06, 1, 5.32344e-08, -1, 1.91125e-06, 1, 3.3613e-08, 5.45957e-09, -1.63245, 0.0280326, 7.61969e-08)
bind/58/name = &"CC_Base_JawRoot"
bind/58/bone = -1
bind/58/pose = Transform3D(-2.37273e-05, -1, 4.04226e-05, -0.000143157, -4.05009e-05, -1, 1, -2.37527e-05, -0.00014313, 0.0090401, 1.64932, -0.000100955)
bind/59/name = &"CC_Base_Tongue01"
bind/59/bone = -1
bind/59/pose = Transform3D(0.00297463, -0.983154, -0.182757, -0.000208379, 0.182757, -0.983158, 0.999996, 0.00296259, 0.000338794, 0.272354, 1.61462, -0.000792572)
bind/60/name = &"CC_Base_Tongue02"
bind/60/bone = -1
bind/60/pose = Transform3D(0.0044075, -0.9579, -0.287067, -4.32208e-05, 0.28707, -0.95791, 0.99999, 0.00423438, 0.00122389, 0.432476, 1.57711, -0.00219057)
bind/61/name = &"CC_Base_Tongue03"
bind/61/bone = -1
bind/61/pose = Transform3D(0.00440694, -0.957814, -0.287357, -4.76199e-05, 0.28736, -0.957823, 0.99999, 0.00423473, 0.00122079, 0.416217, 1.57689, -0.00218496)
bind/62/name = &"CC_Base_Tongue03_end"
bind/62/bone = -1
bind/62/pose = Transform3D(0.00440694, -0.957814, -0.287357, -4.76191e-05, 0.28736, -0.957823, 0.99999, 0.00423473, 0.00122079, 0.416216, 1.56015, -0.00218496)
bind/63/name = &"CC_Base_Teeth02"
bind/63/bone = -1
bind/63/pose = Transform3D(0.000170243, -1, 5.05462e-05, -0.000178939, 5.05973e-05, 1, -1, -0.000170236, -0.000178957, -0.0185395, -1.64123, 0.000698726)
bind/64/name = &"CC_Base_Teeth02_end"
bind/64/bone = -1
bind/64/pose = Transform3D(0.000170257, -1, 5.05444e-05, -0.000178939, 5.05955e-05, 1, -1, -0.00017025, -0.000178957, -0.0185395, -1.67479, 0.000698726)
bind/65/name = &"CC_Base_R_Eye"
bind/65/bone = -1
bind/65/pose = Transform3D(1, -1.49493e-05, -0.000129197, 1.49672e-05, 1, 0.00029047, 0.00012922, -0.000290486, 1, 0.0313502, 0.0465437, -1.70916)
bind/66/name = &"CC_Base_R_Eye_end"
bind/66/bone = -1
bind/66/pose = Transform3D(1, 0.000138749, -0.000129174, -0.000138749, 1, 0.000151791, 0.000129222, -0.000151786, 1, 0.031345, -0.033637, -1.70917)
bind/67/name = &"CC_Base_L_Eye"
bind/67/bone = -1
bind/67/pose = Transform3D(1, -1.5603e-05, 0.000129372, 1.56215e-05, 1, -0.000294627, -0.000129341, 0.000294615, 1, -0.0308526, 0.0482678, -1.70938)
bind/68/name = &"CC_Base_L_Eye_end"
bind/68/bone = -1
bind/68/pose = Transform3D(1, -0.000154128, 0.000129391, 0.000154127, 1, -0.000140433, -0.000129343, 0.000140439, 1, -0.0308481, -0.032413, -1.70938)
bind/69/name = &"CC_Base_UpperJaw"
bind/69/bone = -1
bind/69/pose = Transform3D(8.2817e-05, -1, -1.31151e-05, -4.01668e-06, 1.31229e-05, -1, 1, 8.27974e-05, -3.98875e-06, -0.0372236, 1.66342, -0.000192345)
bind/70/name = &"CC_Base_Teeth01"
bind/70/bone = -1
bind/70/pose = Transform3D(1.44822e-05, -1, 6.95954e-05, 9.02959e-05, 6.95886e-05, 1, -1, -1.44563e-05, 9.027e-05, -0.0297454, -1.66872, 0.000258567)
bind/71/name = &"CC_Base_Teeth01_end"
bind/71/bone = -1
bind/71/pose = Transform3D(1.45068e-05, -1, 2.82522e-05, 4.71551e-05, 2.82448e-05, 1, -1, -1.44859e-05, 4.71287e-05, -0.029676, -1.678, 0.000330957)
bind/72/name = &"CC_Base_L_Clavicle"
bind/72/bone = -1
bind/72/pose = Transform3D(-0.00196668, 0.00527128, -0.999984, 0.974402, 0.224811, -0.000731309, 0.224804, -0.974388, -0.00557845, 1.49213, -0.0644311, 0.0304273)
bind/73/name = &"CC_Base_L_Upperarm"
bind/73/bone = -1
bind/73/pose = Transform3D(-0.51249, 0.00332241, -0.858687, 0.858623, -0.0108808, -0.512493, -0.011046, -0.999935, 0.00272362, 1.37604, 0.606294, 0.0634213)
bind/74/name = &"CC_Base_L_Forearm"
bind/74/bone = -1
bind/74/pose = Transform3D(-0.513637, 0.00329792, -0.858001, 0.858006, 0.00381863, -0.513625, 0.00158248, -0.999987, -0.00479101, 1.37561, 0.338179, 0.0683891)
bind/75/name = &"CC_Base_L_ForearmTwist01"
bind/75/bone = -1
bind/75/pose = Transform3D(-0.513648, 0.00330443, -0.857995, 0.858, 0.00381901, -0.513636, 0.0015794, -0.999987, -0.00479681, 1.3756, 0.338197, 0.0683982)
bind/76/name = &"CC_Base_L_ForearmTwist02"
bind/76/bone = -1
bind/76/pose = Transform3D(-0.513638, 0.00330451, -0.858001, 0.858006, 0.00380992, -0.513627, 0.00157161, -0.999987, -0.0047922, 1.37561, 0.209746, 0.0683902)
bind/77/name = &"CC_Base_L_ForearmTwist02_end"
bind/77/bone = -1
bind/77/pose = Transform3D(-0.513638, 0.00330441, -0.858001, 0.858006, 0.00380992, -0.513627, 0.00157167, -0.999987, -0.00479211, 1.37561, 0.0813115, 0.0683901)
bind/78/name = &"CC_Base_L_ElbowShareBone"
bind/78/bone = -1
bind/78/pose = Transform3D(-0.514214, 0.00415088, -0.857652, 0.85766, 0.00474319, -0.514196, 0.00193363, -0.99998, -0.00599904, 1.37532, 0.339038, 0.0698785)
bind/79/name = &"CC_Base_L_ElbowShareBone_end"
bind/79/bone = -1
bind/79/pose = Transform3D(-0.514214, 0.00415088, -0.857652, 0.85766, 0.00474319, -0.514196, 0.00193363, -0.99998, -0.00599904, 1.37532, 0.253415, 0.0698785)
bind/80/name = &"CC_Base_L_Hand"
bind/80/bone = -1
bind/80/pose = Transform3D(-0.518165, -0.00155764, -0.855279, 0.850417, 0.105557, -0.515412, 0.0910835, -0.994412, -0.0533713, 1.37547, 0.0818605, 0.0704314)
bind/81/name = &"CC_Base_L_Pinky1"
bind/81/bone = -1
bind/81/pose = Transform3D(-0.498461, 0.00500041, -0.866898, 0.866596, -0.0241358, -0.498427, -0.0234157, -0.999696, 0.00769746, 1.36863, -0.0291491, 0.0983819)
bind/82/name = &"CC_Base_L_Pinky2"
bind/82/bone = -1
bind/82/pose = Transform3D(-0.495278, 0.000999118, -0.868734, 0.867827, -0.0451401, -0.494812, -0.0397092, -0.99898, 0.0214899, 1.36876, -0.0657944, 0.0944312)
bind/83/name = &"CC_Base_L_Pinky3"
bind/83/bone = -1
bind/83/pose = Transform3D(-0.395786, 0.00295141, -0.918338, 0.918146, -0.0194318, -0.395766, -0.0190131, -0.999807, 0.00498104, 1.3504, -0.237164, 0.0978137)
bind/84/name = &"CC_Base_L_Pinky3_end"
bind/84/bone = -1
bind/84/pose = Transform3D(-0.395786, 0.00295141, -0.918338, 0.918146, -0.0194318, -0.395766, -0.0190131, -0.999807, 0.00498104, 1.3504, -0.254812, 0.0978137)
bind/85/name = &"CC_Base_L_Ring1"
bind/85/bone = -1
bind/85/pose = Transform3D(-0.516077, 0.00572084, -0.856524, 0.856448, -0.0114291, -0.516108, -0.0127419, -0.999918, 0.000998716, 1.37492, -0.00231601, 0.0808566)
bind/86/name = &"CC_Base_L_Ring2"
bind/86/bone = -1
bind/86/pose = Transform3D(-0.543246, 0.00342888, -0.839566, 0.839495, -0.0114704, -0.543247, -0.0114929, -0.999928, 0.00335277, 1.37598, -0.0047675, 0.0772049)
bind/87/name = &"CC_Base_L_Ring3"
bind/87/bone = -1
bind/87/pose = Transform3D(-0.483623, 0.00579751, -0.875258, 0.875272, -4.83077e-05, -0.483631, -0.00284616, -0.999983, -0.00505101, 1.37021, -0.128176, 0.0800679)
bind/88/name = &"CC_Base_L_Ring3_end"
bind/88/bone = -1
bind/88/pose = Transform3D(-0.483623, 0.0057975, -0.875258, 0.875272, -4.84853e-05, -0.483631, -0.00284631, -0.999983, -0.00505092, 1.37021, -0.155206, 0.0800679)
bind/89/name = &"CC_Base_L_Mid1"
bind/89/bone = -1
bind/89/pose = Transform3D(-0.529945, -0.00178895, -0.84803, 0.847639, -0.0315505, -0.529635, -0.0258083, -0.999501, 0.0182365, 1.38119, 0.0182507, 0.0517172)
bind/90/name = &"CC_Base_L_Mid2"
bind/90/bone = -1
bind/90/pose = Transform3D(-0.547013, 0.00541632, -0.837107, 0.836263, -0.0418255, -0.546732, -0.0379737, -0.99911, 0.0183497, 1.38115, -0.00147222, 0.0608024)
bind/91/name = &"CC_Base_L_Mid3"
bind/91/bone = -1
bind/91/pose = Transform3D(-0.513595, 0.00561917, -0.858015, 0.85669, -0.0525647, -0.513146, -0.0479847, -0.998602, 0.0221831, 1.3787, -0.085963, 0.0642725)
bind/92/name = &"CC_Base_L_Mid3_end"
bind/92/bone = -1
bind/92/pose = Transform3D(-0.513595, 0.00561917, -0.858015, 0.85669, -0.0525647, -0.513146, -0.0479847, -0.998602, 0.0221831, 1.3787, -0.116778, 0.0642725)
bind/93/name = &"CC_Base_L_Index1"
bind/93/bone = -1
bind/93/pose = Transform3D(-0.545569, -0.00407144, -0.838056, 0.838048, -0.00915906, -0.54552, -0.00545477, -0.99995, 0.00840897, 1.38021, 0.0428786, 0.0263884)
bind/94/name = &"CC_Base_L_Index2"
bind/94/bone = -1
bind/94/pose = Transform3D(-0.58296, 0.00763789, -0.812465, 0.811944, -0.0315498, -0.582883, -0.0300851, -0.999473, 0.0121908, 1.37839, 0.0639329, 0.040542)
bind/95/name = &"CC_Base_L_Index3"
bind/95/bone = -1
bind/95/pose = Transform3D(-0.539979, 0.00901471, -0.841631, 0.84041, -0.0491028, -0.539722, -0.0461919, -0.998753, 0.0189384, 1.37823, -0.0354966, 0.0453288)
bind/96/name = &"CC_Base_L_Index3_end"
bind/96/bone = -1
bind/96/pose = Transform3D(-0.539979, 0.00901471, -0.841631, 0.84041, -0.0491028, -0.539722, -0.0461919, -0.998753, 0.0189384, 1.37823, -0.0641766, 0.0453288)
bind/97/name = &"CC_Base_L_Thumb1"
bind/97/bone = -1
bind/97/pose = Transform3D(-0.637949, -0.185193, -0.747479, 0.602539, -0.724492, -0.33475, -0.47955, -0.663938, 0.573775, 1.32576, 0.0404985, -0.35621)
bind/98/name = &"CC_Base_L_Thumb2"
bind/98/bone = -1
bind/98/pose = Transform3D(-0.581442, -0.228301, -0.780899, 0.781673, -0.422952, -0.458365, -0.225638, -0.876921, 0.424379, 1.32656, 0.00704706, -0.353645)
bind/99/name = &"CC_Base_L_Thumb3"
bind/99/bone = -1
bind/99/pose = Transform3D(-0.518594, -0.258624, -0.814969, 0.819357, -0.422733, -0.387236, -0.244366, -0.868568, 0.431132, 1.32148, -0.1336, -0.348147)
bind/100/name = &"CC_Base_L_Thumb3_end"
bind/100/bone = -1
bind/100/pose = Transform3D(-0.518594, -0.258624, -0.814969, 0.819357, -0.422733, -0.387236, -0.244366, -0.868568, 0.431132, 1.32148, -0.163906, -0.348147)
bind/101/name = &"CC_Base_L_UpperarmTwist01"
bind/101/bone = -1
bind/101/pose = Transform3D(-0.512346, 0.000680521, -0.858779, 0.858729, -0.0104407, -0.512324, -0.00931494, -0.999945, 0.0047649, 1.37632, 0.605993, 0.0600553)
bind/102/name = &"CC_Base_L_UpperarmTwist02"
bind/102/bone = -1
bind/102/pose = Transform3D(-0.51232, 0.00332127, -0.858789, 0.858729, -0.0104431, -0.512324, -0.01067, -0.99994, 0.00249817, 1.37614, 0.471501, 0.0636511)
bind/103/name = &"CC_Base_L_UpperarmTwist02_end"
bind/103/bone = -1
bind/103/pose = Transform3D(-0.512319, 0.00332135, -0.858789, 0.858729, -0.0104431, -0.512324, -0.0106701, -0.99994, 0.00249809, 1.37614, 0.337008, 0.0636511)
bind/104/name = &"CC_Base_L_RibsTwist"
bind/104/bone = -1
bind/104/pose = Transform3D(-1, -7.153e-06, 1.25847e-05, 7.15246e-06, -1, -1.52516e-05, 1.26116e-05, -1.52386e-05, 1, 0.109721, -0.0922792, -1.35808)
bind/105/name = &"CC_Base_L_Breast"
bind/105/bone = -1
bind/105/pose = Transform3D(-1, -7.153e-06, 1.2681e-05, 7.15246e-06, -1, -1.52601e-05, 1.27079e-05, -1.52587e-05, 1, 0.10972, -0.112279, -1.35808)
bind/106/name = &"CC_Base_L_Breast_end"
bind/106/bone = -1
bind/106/pose = Transform3D(-1, -7.153e-06, 1.2681e-05, 7.15246e-06, -1, -1.52601e-05, 1.27079e-05, -1.52587e-05, 1, 0.10972, -0.132279, -1.35808)
bind/107/name = &"CC_Base_R_RibsTwist"
bind/107/bone = -1
bind/107/pose = Transform3D(-1, 9.05994e-06, -1.69556e-05, -9.06003e-06, -1, -1.50887e-05, -1.69289e-05, -1.53433e-05, 1, -0.109715, -0.0922796, -1.35808)
bind/108/name = &"CC_Base_R_Breast"
bind/108/bone = -1
bind/108/pose = Transform3D(-1, 9.05995e-06, -1.69603e-05, -9.06004e-06, -1, -1.50068e-05, -1.69336e-05, -1.52587e-05, 1, -0.109714, -0.11228, -1.35808)
bind/109/name = &"CC_Base_R_Breast_end"
bind/109/bone = -1
bind/109/pose = Transform3D(-1, 9.05995e-06, -1.69603e-05, -9.06004e-06, -1, -1.50068e-05, -1.69335e-05, -1.52587e-05, 1, -0.109714, -0.13228, -1.35808)
bind/110/name = &"CC_Base_R_Clavicle"
bind/110/bone = -1
bind/110/pose = Transform3D(-0.00196678, -0.00527128, 0.999984, -0.974402, 0.224811, -0.000731451, -0.224804, -0.974388, -0.00557848, -1.49213, -0.064431, 0.0304273)
bind/111/name = &"CC_Base_R_Upperarm"
bind/111/bone = -1
bind/111/pose = Transform3D(-0.51249, -0.00332241, 0.858687, -0.858623, -0.0108808, -0.512493, 0.011046, -0.999935, 0.00272362, -1.37604, 0.606294, 0.0634213)
bind/112/name = &"CC_Base_R_Forearm"
bind/112/bone = -1
bind/112/pose = Transform3D(-0.513637, -0.00329792, 0.858001, -0.858006, 0.00381863, -0.513626, -0.00158248, -0.999987, -0.00479101, -1.37561, 0.33818, 0.0683891)
bind/113/name = &"CC_Base_R_ElbowShareBone"
bind/113/bone = -1
bind/113/pose = Transform3D(-0.514214, -0.00415088, 0.857652, -0.85766, 0.00474319, -0.514196, -0.00193363, -0.99998, -0.00599904, -1.37532, 0.339038, 0.0698785)
bind/114/name = &"CC_Base_R_ElbowShareBone_end"
bind/114/bone = -1
bind/114/pose = Transform3D(-0.514214, -0.00415088, 0.857652, -0.85766, 0.00474319, -0.514196, -0.00193363, -0.99998, -0.00599904, -1.37532, 0.253415, 0.0698785)
bind/115/name = &"CC_Base_R_ForearmTwist01"
bind/115/bone = -1
bind/115/pose = Transform3D(-0.513648, -0.00330443, 0.857995, -0.858, 0.00381901, -0.513636, -0.0015794, -0.999987, -0.00479681, -1.3756, 0.338197, 0.0683982)
bind/116/name = &"CC_Base_R_ForearmTwist02"
bind/116/bone = -1
bind/116/pose = Transform3D(-0.513638, -0.00330452, 0.858001, -0.858006, 0.00380992, -0.513627, -0.00157161, -0.999987, -0.0047922, -1.37561, 0.209747, 0.0683902)
bind/117/name = &"CC_Base_R_ForearmTwist02_end"
bind/117/bone = -1
bind/117/pose = Transform3D(-0.513638, -0.00330441, 0.858001, -0.858006, 0.00380992, -0.513627, -0.00157167, -0.999987, -0.00479211, -1.37561, 0.0813116, 0.0683901)
bind/118/name = &"CC_Base_R_Hand"
bind/118/bone = -1
bind/118/pose = Transform3D(-0.518165, 0.00155764, 0.855279, -0.850417, 0.105557, -0.515412, -0.0910835, -0.994412, -0.0533713, -1.37547, 0.0818606, 0.0704314)
bind/119/name = &"CC_Base_R_Ring1"
bind/119/bone = -1
bind/119/pose = Transform3D(-0.516077, -0.00572084, 0.856523, -0.856448, -0.0114291, -0.516108, 0.0127419, -0.999918, 0.000998718, -1.37492, -0.00231595, 0.0808566)
bind/120/name = &"CC_Base_R_Ring2"
bind/120/bone = -1
bind/120/pose = Transform3D(-0.543247, -0.00342888, 0.839566, -0.839495, -0.0114704, -0.543247, 0.0114929, -0.999928, 0.00335278, -1.37598, -0.00476744, 0.0772049)
bind/121/name = &"CC_Base_R_Ring3"
bind/121/bone = -1
bind/121/pose = Transform3D(-0.483623, -0.00579751, 0.875257, -0.875272, -4.83081e-05, -0.483631, 0.00284616, -0.999983, -0.00505101, -1.37021, -0.128176, 0.0800679)
bind/122/name = &"CC_Base_R_Ring3_end"
bind/122/bone = -1
bind/122/pose = Transform3D(-0.483623, -0.0057975, 0.875257, -0.875272, -4.84857e-05, -0.483631, 0.00284631, -0.999983, -0.00505092, -1.37021, -0.155206, 0.0800679)
bind/123/name = &"CC_Base_R_Mid1"
bind/123/bone = -1
bind/123/pose = Transform3D(-0.529946, 0.00178895, 0.84803, -0.847639, -0.0315505, -0.529635, 0.0258083, -0.999501, 0.0182365, -1.38119, 0.0182508, 0.0517172)
bind/124/name = &"CC_Base_R_Mid2"
bind/124/bone = -1
bind/124/pose = Transform3D(-0.547013, -0.00541632, 0.837107, -0.836263, -0.0418255, -0.546732, 0.0379737, -0.99911, 0.0183497, -1.38115, -0.00147216, 0.0608024)
bind/125/name = &"CC_Base_R_Mid3"
bind/125/bone = -1
bind/125/pose = Transform3D(-0.513595, -0.00561917, 0.858014, -0.85669, -0.0525647, -0.513146, 0.0479847, -0.998602, 0.0221831, -1.3787, -0.085963, 0.0642725)
bind/126/name = &"CC_Base_R_Mid3_end"
bind/126/bone = -1
bind/126/pose = Transform3D(-0.513595, -0.00561917, 0.858015, -0.85669, -0.0525647, -0.513146, 0.0479847, -0.998602, 0.0221831, -1.3787, -0.116778, 0.0642725)
bind/127/name = &"CC_Base_R_Thumb1"
bind/127/bone = -1
bind/127/pose = Transform3D(-0.637946, 0.185191, 0.747481, -0.60254, -0.724492, -0.334749, 0.479552, -0.663939, 0.573772, -1.32576, 0.0404969, -0.356205)
bind/128/name = &"CC_Base_R_Thumb2"
bind/128/bone = -1
bind/128/pose = Transform3D(-0.581443, 0.228302, 0.780899, -0.781673, -0.422953, -0.458366, 0.225638, -0.87692, 0.42438, -1.32655, 0.0070474, -0.353646)
bind/129/name = &"CC_Base_R_Thumb3"
bind/129/bone = -1
bind/129/pose = Transform3D(-0.518577, 0.25861, 0.814984, -0.819363, -0.422733, -0.387223, 0.244381, -0.868572, 0.431115, -1.32148, -0.13362, -0.348116)
bind/130/name = &"CC_Base_R_Thumb3_end"
bind/130/bone = -1
bind/130/pose = Transform3D(-0.518577, 0.25861, 0.814984, -0.819363, -0.422733, -0.387223, 0.244381, -0.868572, 0.431115, -1.32148, -0.163927, -0.348116)
bind/131/name = &"CC_Base_R_Index1"
bind/131/bone = -1
bind/131/pose = Transform3D(-0.545569, 0.00407144, 0.838056, -0.838048, -0.00915906, -0.54552, 0.00545477, -0.99995, 0.00840897, -1.38021, 0.0428787, 0.0263884)
bind/132/name = &"CC_Base_R_Index2"
bind/132/bone = -1
bind/132/pose = Transform3D(-0.58296, -0.00763789, 0.812465, -0.811944, -0.0315498, -0.582883, 0.0300851, -0.999473, 0.0121908, -1.37838, 0.063933, 0.040542)
bind/133/name = &"CC_Base_R_Index3"
bind/133/bone = -1
bind/133/pose = Transform3D(-0.539979, -0.00901471, 0.84163, -0.84041, -0.0491028, -0.539722, 0.0461919, -0.998753, 0.0189384, -1.37823, -0.0354965, 0.0453288)
bind/134/name = &"CC_Base_R_Index3_end"
bind/134/bone = -1
bind/134/pose = Transform3D(-0.539979, -0.00901471, 0.841631, -0.84041, -0.0491028, -0.539722, 0.0461919, -0.998753, 0.0189384, -1.37823, -0.0641766, 0.0453287)
bind/135/name = &"CC_Base_R_Pinky1"
bind/135/bone = -1
bind/135/pose = Transform3D(-0.498461, -0.00500041, 0.866898, -0.866596, -0.0241358, -0.498427, 0.0234157, -0.999696, 0.00769747, -1.36863, -0.0291491, 0.0983819)
bind/136/name = &"CC_Base_R_Pinky2"
bind/136/bone = -1
bind/136/pose = Transform3D(-0.495278, -0.000999118, 0.868734, -0.867827, -0.0451401, -0.494812, 0.0397092, -0.99898, 0.0214899, -1.36876, -0.0657943, 0.0944311)
bind/137/name = &"CC_Base_R_Pinky3"
bind/137/bone = -1
bind/137/pose = Transform3D(-0.395786, -0.00295141, 0.918338, -0.918146, -0.0194318, -0.395766, 0.0190131, -0.999807, 0.00498104, -1.3504, -0.237164, 0.0978137)
bind/138/name = &"CC_Base_R_Pinky3_end"
bind/138/bone = -1
bind/138/pose = Transform3D(-0.395786, -0.00295141, 0.918338, -0.918146, -0.0194318, -0.395766, 0.0190131, -0.999807, 0.00498105, -1.3504, -0.254812, 0.0978137)
bind/139/name = &"CC_Base_R_UpperarmTwist01"
bind/139/bone = -1
bind/139/pose = Transform3D(-0.512346, -0.000680521, 0.858779, -0.858729, -0.0104407, -0.512324, 0.00931494, -0.999945, 0.0047649, -1.37632, 0.605993, 0.0600553)
bind/140/name = &"CC_Base_R_UpperarmTwist02"
bind/140/bone = -1
bind/140/pose = Transform3D(-0.51232, -0.00332127, 0.858789, -0.858729, -0.0104431, -0.512324, 0.01067, -0.99994, 0.00249817, -1.37614, 0.471501, 0.063651)
bind/141/name = &"CC_Base_R_UpperarmTwist02_end"
bind/141/bone = -1
bind/141/pose = Transform3D(-0.512319, -0.00332135, 0.858789, -0.858729, -0.0104431, -0.512324, 0.0106701, -0.99994, 0.00249809, -1.37614, 0.337008, 0.0636511)
