[gd_resource type="Skin" format=3 uid="uid://dvfxhf41tim1o"]

[resource]
resource_name = "Skin"
bind_count = 101
bind/0/name = &"RL_BoneRoot"
bind/0/bone = -1
bind/0/pose = Transform3D(1, 0, 0, 0, 0, 1, 0, 0, 1, 1, 0, 0)
bind/1/name = &"CC_Base_Hip"
bind/1/bone = -1
bind/1/pose = Transform3D(1, -7.7538e-13, -9.72933e-12, -9.72933e-12, -1.73439e-12, 1, 7.7538e-13, -1, 1.73439e-12, -1.1641e-11, -1.00701, -2.01751e-10)
bind/2/name = &"CC_Base_Pelvis"
bind/2/bone = -1
bind/2/pose = Transform3D(1, 0, 0, 0, 0, 1, 0, 0, 1, 1, 0, 0)
bind/3/name = &"CC_Base_L_Thigh"
bind/3/bone = -1
bind/3/pose = Transform3D(-0.99978, 1.28039e-05, 0.0209591, -0.0209587, 0.00602473, -0.999762, -0.000138368, -0.999985, -0.00602253, 0.072633, 0.987929, 0.00793936)
bind/4/name = &"CC_Base_L_Calf"
bind/4/bone = -1
bind/4/pose = Transform3D(-0.999834, 0.000394167, 0.0181966, -0.0181755, 0.031186, -0.999349, -0.000960683, -0.999517, -0.031173, 0.0740668, 0.527402, 0.0212596)
bind/5/name = &"CC_Base_L_Foot"
bind/5/bone = -1
bind/5/pose = Transform3D(-0.994249, -0.107002, 0.00432167, 0.101886, -0.957596, -0.269508, 0.0329764, -0.267519, 0.962989, 0.0765104, 0.0258646, -0.0503975)
bind/6/name = &"CC_Base_L_ToeBaseShareBone"
bind/6/bone = -1
bind/6/pose = Transform3D(-0.998059, -0.0443904, -0.0436716, 0.0405345, -0.995513, 0.085543, -0.0472728, 0.0836064, 0.995377, 0.0850039, -0.121947, -0.00251435)
bind/7/name = &"CC_Base_L_ToeBase"
bind/7/bone = -1
bind/7/pose = Transform3D(-0.998077, -0.0443589, -0.0432953, 0.0405346, -0.995513, 0.085543, -0.0468955, 0.0836231, 0.995393, 0.085003, -0.121947, -0.00254649)
bind/8/name = &"CC_Base_L_PinkyToe1"
bind/8/bone = -1
bind/8/pose = Transform3D(-0.994783, -0.00320497, -0.101963, 0.0332677, -0.955061, -0.294545, -0.096436, -0.296402, 0.950183, 0.116709, -0.113901, -0.0364773)
bind/9/name = &"CC_Base_L_RingToe1"
bind/9/bone = -1
bind/9/pose = Transform3D(-0.98937, -0.0338666, -0.141423, 0.0829882, -0.930092, -0.357837, -0.119417, -0.365771, 0.923012, 0.100649, -0.123164, -0.0512519)
bind/10/name = &"CC_Base_L_MidToe1"
bind/10/bone = -1
bind/10/pose = Transform3D(-0.990703, -0.064022, -0.120037, 0.0890578, -0.972219, -0.216483, -0.102843, -0.225161, 0.968879, 0.0830159, -0.139641, -0.0400528)
bind/11/name = &"CC_Base_L_IndexToe1"
bind/11/bone = -1
bind/11/pose = Transform3D(-0.989536, -0.0631571, -0.12973, 0.0927021, -0.967277, -0.236192, -0.110567, -0.245748, 0.963008, 0.0685384, -0.138955, -0.0463909)
bind/12/name = &"CC_Base_L_BigToe1"
bind/12/bone = -1
bind/12/pose = Transform3D(-0.996971, -0.0653447, -0.0421692, 0.0644207, -0.997663, 0.0229254, -0.0435686, 0.0201388, 0.998847, 0.0467036, -0.144198, -0.0123731)
bind/13/name = &"CC_Base_L_CalfTwist01"
bind/13/bone = -1
bind/13/pose = Transform3D(-0.999834, 0.000392979, 0.0182149, -0.0181938, 0.0312004, -0.999348, -0.000960328, -0.999516, -0.0311874, 0.0740572, 0.527403, 0.0212672)
bind/14/name = &"CC_Base_L_CalfTwist02"
bind/14/bone = -1
bind/14/pose = Transform3D(-0.999834, 0.000417024, 0.018219, -0.0181972, 0.0312032, -0.999348, -0.000984536, -0.999516, -0.0311897, 0.0740631, 0.291649, 0.021264)
bind/15/name = &"CC_Base_L_KneeShareBone"
bind/15/bone = -1
bind/15/pose = Transform3D(-0.999287, 0.0325392, 0.0191762, -0.0181623, 0.0311758, -0.999349, -0.033115, -0.998987, -0.0305618, 0.073352, 0.527401, 0.0236255)
bind/16/name = &"CC_Base_L_ThighTwist01"
bind/16/bone = -1
bind/16/pose = Transform3D(-0.999781, 1.02539e-05, 0.0209437, -0.0209434, 0.00597892, -0.999763, -0.000134767, -0.999985, -0.00597677, 0.0726482, 0.987928, 0.0078939)
bind/17/name = &"CC_Base_L_ThighTwist02"
bind/17/bone = -1
bind/17/pose = Transform3D(-0.999781, 6.3135e-06, 0.0209438, -0.0209435, 0.00597921, -0.999763, -0.000130835, -0.999985, -0.00597715, 0.0726331, 0.75795, 0.00791202)
bind/18/name = &"CC_Base_R_Thigh"
bind/18/bone = -1
bind/18/pose = Transform3D(-0.99978, -1.28224e-05, -0.020959, 0.0209587, 0.00602522, -0.999762, 0.000137927, -0.999987, -0.00602268, -0.0726331, 0.987929, 0.00793947)
bind/19/name = &"CC_Base_R_Calf"
bind/19/bone = -1
bind/19/pose = Transform3D(-0.999834, -0.000394229, -0.0181965, 0.0181755, 0.0311864, -0.999349, 0.000960281, -0.999519, -0.031173, -0.0740669, 0.527401, 0.0212596)
bind/20/name = &"CC_Base_R_KneeShareBone"
bind/20/bone = -1
bind/20/pose = Transform3D(-0.999287, -0.0325393, -0.0191762, 0.0181624, 0.0311762, -0.999349, 0.0331146, -0.998989, -0.0305619, -0.073352, 0.527401, 0.0236255)
bind/21/name = &"CC_Base_R_Foot"
bind/21/bone = -1
bind/21/pose = Transform3D(-0.99425, 0.107002, -0.00432185, -0.101886, -0.957598, -0.269507, -0.0329767, -0.267519, 0.962989, -0.0765104, 0.0258646, -0.0503973)
bind/22/name = &"CC_Base_R_ToeBase"
bind/22/bone = -1
bind/22/pose = Transform3D(-0.998077, 0.0443591, 0.0433011, -0.0405347, -0.995515, 0.0855432, 0.0469013, 0.0836229, 0.995393, -0.0850031, -0.121947, -0.00254601)
bind/23/name = &"CC_Base_R_BigToe1"
bind/23/bone = -1
bind/23/pose = Transform3D(-0.996971, 0.0653447, 0.0421699, -0.0644209, -0.997665, 0.0229256, 0.0435692, 0.0201388, 0.998848, -0.0467036, -0.144199, -0.0123729)
bind/24/name = &"CC_Base_R_PinkyToe1"
bind/24/bone = -1
bind/24/pose = Transform3D(-0.994784, 0.00320523, 0.101961, -0.0332678, -0.955063, -0.294544, 0.0964339, -0.296402, 0.950183, -0.116709, -0.113901, -0.0364773)
bind/25/name = &"CC_Base_R_RingToe1"
bind/25/bone = -1
bind/25/pose = Transform3D(-0.98937, 0.0338664, 0.141424, -0.0829885, -0.930094, -0.357836, 0.119418, -0.365771, 0.923013, -0.100649, -0.123164, -0.0512516)
bind/26/name = &"CC_Base_R_IndexToe1"
bind/26/bone = -1
bind/26/pose = Transform3D(-0.989536, 0.0631566, 0.129733, -0.0927025, -0.967279, -0.236191, 0.11057, -0.245748, 0.963008, -0.0685385, -0.138955, -0.0463905)
bind/27/name = &"CC_Base_R_MidToe1"
bind/27/bone = -1
bind/27/pose = Transform3D(-0.990703, 0.0640222, 0.120036, -0.0890578, -0.972221, -0.216482, 0.102841, -0.225161, 0.96888, -0.0830159, -0.139642, -0.0400527)
bind/28/name = &"CC_Base_R_ToeBaseShareBone"
bind/28/bone = -1
bind/28/pose = Transform3D(-0.998059, 0.0443904, 0.0436711, -0.0405349, -0.995515, 0.0855432, 0.0472722, 0.0836064, 0.995377, -0.085004, -0.121947, -0.00251442)
bind/29/name = &"CC_Base_R_CalfTwist01"
bind/29/bone = -1
bind/29/pose = Transform3D(-0.999834, -0.000392967, -0.0182149, 0.0181939, 0.0312009, -0.999348, 0.000959855, -0.999518, -0.0311874, -0.0740572, 0.527403, 0.0212672)
bind/30/name = &"CC_Base_R_CalfTwist02"
bind/30/bone = -1
bind/30/pose = Transform3D(-0.999834, -0.000417032, -0.018219, 0.0181973, 0.0312034, -0.999348, 0.000984079, -0.999518, -0.0311896, -0.0740632, 0.291649, 0.0212639)
bind/31/name = &"CC_Base_R_ThighTwist01"
bind/31/bone = -1
bind/31/pose = Transform3D(-0.999781, -1.02447e-05, -0.0209438, 0.0209434, 0.00597925, -0.999763, 0.000134296, -0.999987, -0.00597677, -0.0726482, 0.987928, 0.00789387)
bind/32/name = &"CC_Base_R_ThighTwist02"
bind/32/bone = -1
bind/32/pose = Transform3D(-0.999781, -6.30362e-06, -0.0209439, 0.0209436, 0.00597925, -0.999763, 0.000130356, -0.999987, -0.00597685, -0.0726331, 0.75795, 0.00791177)
bind/33/name = &"CC_Base_Waist"
bind/33/bone = -1
bind/33/pose = Transform3D(1, -7.7538e-13, -9.72933e-12, -9.26017e-12, -0.239593, 0.970873, 3.08388e-12, -0.970873, -0.239593, -1.09381e-08, -1.05708, 0.244909)
bind/34/name = &"CC_Base_Spine01"
bind/34/bone = -1
bind/34/pose = Transform3D(1, -7.7538e-13, -9.72933e-12, -9.75985e-12, 0.0713498, 0.997451, 7.92187e-14, -0.997451, 0.0713497, 1.37552e-09, -1.12187, -0.106092)
bind/35/name = &"CC_Base_Spine02"
bind/35/bone = -1
bind/35/pose = Transform3D(1, -7.7538e-13, -9.72933e-12, -9.70271e-12, 0.186989, 0.982362, -1.05757e-12, -0.982362, 0.186989, 1.23428e-08, -1.2428, -0.252489)
bind/36/name = &"CC_Base_NeckTwist01"
bind/36/bone = -1
bind/36/pose = Transform3D(1, -1.9779e-09, 1.75802e-07, -1.72351e-07, -0.209032, 0.977908, 3.48198e-08, -0.977909, -0.209032, -2.70329e-07, -1.49479, 0.355684)
bind/37/name = &"CC_Base_NeckTwist02"
bind/37/bone = -1
bind/37/pose = Transform3D(1, 3.62764e-08, 8.27407e-09, 5.08231e-10, -0.236154, 0.971716, 3.72104e-08, -0.971716, -0.236154, -8.26949e-09, -1.52181, 0.398171)
bind/38/name = &"CC_Base_Head"
bind/38/bone = -1
bind/38/pose = Transform3D(1, 3.62792e-08, 8.27692e-09, -8.29638e-09, -1.73469e-12, 1, 3.62808e-08, -1, 4.65678e-08, -9.06076e-09, -1.60932, 0.0186507)
bind/39/name = &"CC_Base_FacialBone"
bind/39/bone = -1
bind/39/pose = Transform3D(6.71986e-08, 1.99411e-06, 1, 9.32417e-08, -1, 2.00902e-06, 1, 3.62764e-08, -6.72182e-08, -1.60932, 0.0186477, 1.12435e-07)
bind/40/name = &"CC_Base_JawRoot"
bind/40/bone = -1
bind/40/pose = Transform3D(-2.38765e-05, -1, 4.07553e-05, -0.000143174, -4.07167e-05, -1, 1, -2.39393e-05, -0.000143173, -0.00528316, 1.62201, 0.000232106)
bind/41/name = &"CC_Base_Tongue01"
bind/41/bone = -1
bind/41/pose = Transform3D(-4.96316e-07, -0.994094, -0.108522, -0.000139878, 0.108522, -0.994094, 1, 1.46295e-05, -0.000139106, 0.1399, 1.60736, 0.000224901)
bind/42/name = &"CC_Base_Tongue02"
bind/42/bone = -1
bind/42/pose = Transform3D(1.24255e-07, -0.963197, -0.268795, -0.000130258, 0.268795, -0.963197, 1, 3.50754e-05, -0.000125431, 0.388915, 1.56493, 0.000203797)
bind/43/name = &"CC_Base_Tongue03"
bind/43/bone = -1
bind/43/pose = Transform3D(5.04876e-08, -0.963198, -0.268792, -0.000133607, 0.268792, -0.963198, 1, 3.59043e-05, -0.000128677, 0.373174, 1.56494, 0.000209064)
bind/44/name = &"CC_Base_Teeth02"
bind/44/bone = -1
bind/44/pose = Transform3D(0.000170347, -1, 5.0219e-05, -0.000176509, 5.01537e-05, 1, -1, -0.000170299, -0.0001765, -0.0361761, -1.61338, 0.000281848)
bind/45/name = &"CC_Base_R_Eye"
bind/45/bone = -1
bind/45/pose = Transform3D(1, 0.00013838, -0.000129247, -0.000138417, 1, 0.000152286, 0.000129268, -0.000152283, 1, 0.031483, 0.0542498, -1.67837)
bind/46/name = &"CC_Base_L_Eye"
bind/46/bone = -1
bind/46/pose = Transform3D(1, -0.00015451, 0.000129319, 0.000154471, 1, -0.0001406, -0.000129297, 0.000140605, 1, -0.0314883, 0.0547409, -1.67836)
bind/47/name = &"CC_Base_UpperJaw"
bind/47/bone = -1
bind/47/pose = Transform3D(8.28166e-05, -1, -1.37423e-05, -4.063e-06, 1.37415e-05, -1, 1, 8.27597e-05, -4.06189e-06, -0.044408, 1.63566, 1.03245e-05)
bind/48/name = &"CC_Base_Teeth01"
bind/48/bone = -1
bind/48/pose = Transform3D(1.44786e-05, -1, 1.37006e-05, 4.72008e-05, 1.37018e-05, 1, -1, -1.4421e-05, 4.7201e-05, -0.044755, -1.63568, -7.78014e-05)
bind/49/name = &"CC_Base_L_Clavicle"
bind/49/bone = -1
bind/49/pose = Transform3D(-0.0187949, 0.00144371, -0.999822, 0.973572, 0.227673, -0.0179728, 0.227607, -0.973736, -0.00568467, 1.47717, -0.0299642, 0.0209246)
bind/50/name = &"CC_Base_L_Upperarm"
bind/50/bone = -1
bind/50/pose = Transform3D(-0.498818, 0.00337268, -0.8667, 0.866705, 0.00400025, -0.498805, 0.00178475, -0.999986, -0.00491852, 1.36025, 0.591758, 0.0585306)
bind/51/name = &"CC_Base_L_Forearm"
bind/51/bone = -1
bind/51/pose = Transform3D(-0.504067, 0.00341044, -0.863658, 0.863612, -0.00902814, -0.504076, -0.00951632, -0.999953, 0.00160548, 1.35826, 0.336413, 0.0542542)
bind/52/name = &"CC_Base_L_ForearmTwist01"
bind/52/bone = -1
bind/52/pose = Transform3D(-0.504078, 0.00341721, -0.863651, 0.863606, -0.00902785, -0.504087, -0.00951946, -0.999953, 0.00159961, 1.35826, 0.33643, 0.0542633)
bind/53/name = &"CC_Base_L_ForearmTwist02"
bind/53/bone = -1
bind/53/pose = Transform3D(-0.504068, 0.00341627, -0.863657, 0.863611, -0.00903681, -0.504077, -0.00952675, -0.999953, 0.00160483, 1.35826, 0.21294, 0.0542604)
bind/54/name = &"CC_Base_L_ElbowShareBone"
bind/54/bone = -1
bind/54/pose = Transform3D(-0.504638, 0.00427186, -0.86332, 0.863282, -0.00810368, -0.504656, -0.00915187, -0.999958, 0.0004016, 1.35799, 0.337273, 0.0557269)
bind/55/name = &"CC_Base_L_Hand"
bind/55/bone = -1
bind/55/pose = Transform3D(-0.477667, 0.00407664, -0.878531, 0.873007, 0.11427, -0.474133, 0.0984568, -0.993441, -0.0581419, 1.36029, 0.04106, 0.0610652)
bind/56/name = &"CC_Base_L_Pinky1"
bind/56/bone = -1
bind/56/pose = Transform3D(-0.498993, 0.00355179, -0.866599, 0.866606, 0.00295795, -0.498984, 0.000791069, -0.999989, -0.00455402, 1.3574, -0.00476632, 0.0810031)
bind/57/name = &"CC_Base_L_Pinky2"
bind/57/bone = -1
bind/57/pose = Transform3D(-0.526645, 0.000490098, -0.850085, 0.850052, 0.00907123, -0.52662, 0.00745323, -0.999959, -0.00519394, 1.35798, 0.0104505, 0.0770416)
bind/58/name = &"CC_Base_L_Pinky3"
bind/58/bone = -1
bind/58/pose = Transform3D(-0.445147, 0.00409359, -0.895448, 0.894593, 0.0459565, -0.444512, 0.039332, -0.998935, -0.0241195, 1.35148, -0.133461, 0.0758892)
bind/59/name = &"CC_Base_L_Ring1"
bind/59/bone = -1
bind/59/pose = Transform3D(-0.496212, 0.00392079, -0.868192, 0.868199, -9.24237e-05, -0.496216, -0.0020258, -0.999992, -0.00335818, 1.36083, -0.0106362, 0.0658067)
bind/60/name = &"CC_Base_L_Ring2"
bind/60/bone = -1
bind/60/pose = Transform3D(-0.54669, 0.00305393, -0.837329, 0.83729, 0.0123482, -0.54662, 0.00867016, -0.999919, -0.00930765, 1.36147, 0.0296669, 0.0649954)
bind/61/name = &"CC_Base_L_Ring3"
bind/61/bone = -1
bind/61/pose = Transform3D(-0.479828, 0.00406079, -0.877353, 0.877075, 0.027817, -0.479547, 0.0224581, -0.999604, -0.016909, 1.35787, -0.1002, 0.0634995)
bind/62/name = &"CC_Base_L_Mid1"
bind/62/bone = -1
bind/62/pose = Transform3D(-0.505562, -0.00287411, -0.862786, 0.862753, -0.0110283, -0.505506, -0.00806221, -0.999935, 0.00805514, 1.36381, 0.00173154, 0.0398071)
bind/63/name = &"CC_Base_L_Mid2"
bind/63/bone = -1
bind/63/pose = Transform3D(-0.516064, 0.00424984, -0.856539, 0.856433, -0.0139493, -0.51607, -0.0141414, -0.999893, 0.00355904, 1.36389, -0.0232186, 0.0494071)
bind/64/name = &"CC_Base_L_Mid3"
bind/64/bone = -1
bind/64/pose = Transform3D(-0.487122, 0.00403405, -0.873324, 0.873191, -0.0158205, -0.487121, -0.0157815, -0.999866, 0.00418402, 1.36144, -0.0955633, 0.0499177)
bind/65/name = &"CC_Base_L_Index1"
bind/65/bone = -1
bind/65/pose = Transform3D(-0.507205, -0.0040149, -0.861816, 0.861798, 0.00555652, -0.507221, 0.00682513, -0.999976, 0.000641729, 1.36173, 0.00401399, 0.0192624)
bind/66/name = &"CC_Base_L_Index2"
bind/66/bone = -1
bind/66/pose = Transform3D(-0.524643, 0.00670714, -0.851296, 0.851168, -0.0149374, -0.524682, -0.0162353, -0.999866, 0.00212793, 1.36184, -0.00486579, 0.0341251)
bind/67/name = &"CC_Base_L_Index3"
bind/67/bone = -1
bind/67/pose = Transform3D(-0.480816, 0.00507408, -0.876807, 0.875749, -0.0466809, -0.480505, -0.0433683, -0.998897, 0.0180013, 1.35861, -0.0976489, 0.0360346)
bind/68/name = &"CC_Base_L_Thumb1"
bind/68/bone = -1
bind/68/pose = Transform3D(-0.649592, -0.171991, -0.740574, 0.595977, -0.719999, -0.355547, -0.472062, -0.672325, 0.570208, 1.30052, 0.0781471, -0.372343)
bind/69/name = &"CC_Base_L_Thumb2"
bind/69/bone = -1
bind/69/pose = Transform3D(-0.57914, -0.230283, -0.782027, 0.776586, -0.447675, -0.443284, -0.248013, -0.864035, 0.438101, 1.30288, 0.0116816, -0.36459)
bind/70/name = &"CC_Base_L_Thumb3"
bind/70/bone = -1
bind/70/pose = Transform3D(-0.517844, -0.259027, -0.815317, 0.819417, -0.423968, -0.385753, -0.245748, -0.867845, 0.431801, 1.29984, -0.110986, -0.358821)
bind/71/name = &"CC_Base_L_UpperarmTwist01"
bind/71/bone = -1
bind/71/pose = Transform3D(-0.498812, 0.000743099, -0.86671, 0.866705, 0.00399446, -0.498805, 0.0030914, -0.999992, -0.00263654, 1.3604, 0.591758, 0.0549501)
bind/72/name = &"CC_Base_L_UpperarmTwist02"
bind/72/bone = -1
bind/72/pose = Transform3D(-0.498817, 0.00337289, -0.866701, 0.866706, 0.00399201, -0.498804, 0.00177748, -0.999986, -0.0049146, 1.36027, 0.459593, 0.0585387)
bind/73/name = &"CC_Base_L_RibsTwist"
bind/73/bone = -1
bind/73/pose = Transform3D(-1, -7.15275e-06, 1.26082e-05, 7.15255e-06, -1, -1.56463e-05, 1.26083e-05, -1.56112e-05, 1, 0.0953611, -0.0882123, -1.34746)
bind/74/name = &"CC_Base_L_Breast"
bind/74/bone = -1
bind/74/pose = Transform3D(-1, -7.15274e-06, 1.27132e-05, 7.15255e-06, -1, -1.52738e-05, 1.27133e-05, -1.52587e-05, 1, 0.0953608, -0.108213, -1.34746)
bind/75/name = &"CC_Base_R_RibsTwist"
bind/75/bone = -1
bind/75/pose = Transform3D(-1, -7.15275e-06, 1.26082e-05, 7.15255e-06, -1, -1.56463e-05, 1.26083e-05, -1.56112e-05, 1, -0.0953964, -0.088211, -1.34746)
bind/76/name = &"CC_Base_R_Breast"
bind/76/bone = -1
bind/76/pose = Transform3D(-1, -7.15274e-06, 1.27132e-05, 7.15255e-06, -1, -1.52738e-05, 1.27133e-05, -1.52587e-05, 1, -0.0953964, -0.108211, -1.34746)
bind/77/name = &"CC_Base_R_Clavicle"
bind/77/bone = -1
bind/77/pose = Transform3D(-0.0187949, -0.00144376, 0.999822, -0.973572, 0.227673, -0.0179728, -0.227607, -0.973736, -0.00568476, -1.47717, -0.0299642, 0.0209248)
bind/78/name = &"CC_Base_R_Upperarm"
bind/78/bone = -1
bind/78/pose = Transform3D(-0.498818, -0.00337279, 0.8667, -0.866705, 0.00400026, -0.498805, -0.00178461, -0.999986, -0.00491862, -1.36025, 0.591758, 0.0585308)
bind/79/name = &"CC_Base_R_Forearm"
bind/79/bone = -1
bind/79/pose = Transform3D(-0.504067, -0.00341008, 0.863658, -0.863612, -0.0090281, -0.504076, 0.00951616, -0.999953, 0.00160577, -1.35826, 0.336414, 0.0542538)
bind/80/name = &"CC_Base_R_ElbowShareBone"
bind/80/bone = -1
bind/80/pose = Transform3D(-0.504638, -0.00427174, 0.86332, -0.863282, -0.00810364, -0.504656, 0.00915183, -0.999958, 0.000401682, -1.35799, 0.337274, 0.0557268)
bind/81/name = &"CC_Base_R_ForearmTwist01"
bind/81/bone = -1
bind/81/pose = Transform3D(-0.504078, -0.00341721, 0.863651, -0.863606, -0.00902781, -0.504087, 0.00951948, -0.999953, 0.00159958, -1.35826, 0.33643, 0.0542634)
bind/82/name = &"CC_Base_R_ForearmTwist02"
bind/82/bone = -1
bind/82/pose = Transform3D(-0.504068, -0.00341627, 0.863657, -0.863611, -0.00903676, -0.504078, 0.00952676, -0.999953, 0.00160481, -1.35826, 0.21294, 0.0542604)
bind/83/name = &"CC_Base_R_Hand"
bind/83/bone = -1
bind/83/pose = Transform3D(-0.477667, -0.00407661, 0.878531, -0.873006, 0.11427, -0.474133, -0.0984568, -0.993441, -0.0581419, -1.36029, 0.0410604, 0.0610652)
bind/84/name = &"CC_Base_R_Ring1"
bind/84/bone = -1
bind/84/pose = Transform3D(-0.496212, -0.00392081, 0.868193, -0.868199, -9.23608e-05, -0.496216, 0.00202579, -0.999992, -0.00335821, -1.36083, -0.010636, 0.0658067)
bind/85/name = &"CC_Base_R_Ring2"
bind/85/bone = -1
bind/85/pose = Transform3D(-0.54669, -0.00305393, 0.837329, -0.83729, 0.0123482, -0.54662, -0.00867014, -0.999919, -0.00930767, -1.36147, 0.029667, 0.0649955)
bind/86/name = &"CC_Base_R_Ring3"
bind/86/bone = -1
bind/86/pose = Transform3D(-0.479828, -0.00406082, 0.877353, -0.877075, 0.0278167, -0.479547, -0.0224577, -0.999605, -0.0169089, -1.35787, -0.100199, 0.0634996)
bind/87/name = &"CC_Base_R_Mid1"
bind/87/bone = -1
bind/87/pose = Transform3D(-0.505562, 0.00287412, 0.862786, -0.862753, -0.0110283, -0.505506, 0.00806216, -0.999935, 0.0080551, -1.36381, 0.00173166, 0.0398072)
bind/88/name = &"CC_Base_R_Mid2"
bind/88/bone = -1
bind/88/pose = Transform3D(-0.516064, -0.00424984, 0.856539, -0.856433, -0.0139495, -0.51607, 0.0141415, -0.999894, 0.00355911, -1.36389, -0.0232183, 0.0494072)
bind/89/name = &"CC_Base_R_Mid3"
bind/89/bone = -1
bind/89/pose = Transform3D(-0.487122, -0.00403405, 0.873324, -0.873191, -0.0158204, -0.487121, 0.0157815, -0.999867, 0.00418399, -1.36144, -0.0955634, 0.0499178)
bind/90/name = &"CC_Base_R_Thumb1"
bind/90/bone = -1
bind/90/pose = Transform3D(-0.649592, 0.171991, 0.740574, -0.595977, -0.719999, -0.355547, 0.472062, -0.672325, 0.570208, -1.30053, 0.0781472, -0.372343)
bind/91/name = &"CC_Base_R_Thumb2"
bind/91/bone = -1
bind/91/pose = Transform3D(-0.57914, 0.230283, 0.782027, -0.776586, -0.447675, -0.443284, 0.248013, -0.864035, 0.438101, -1.30288, 0.0116817, -0.36459)
bind/92/name = &"CC_Base_R_Thumb3"
bind/92/bone = -1
bind/92/pose = Transform3D(-0.517844, 0.259027, 0.815317, -0.819417, -0.423968, -0.385754, 0.245748, -0.867845, 0.431801, -1.29984, -0.110986, -0.358821)
bind/93/name = &"CC_Base_R_Index1"
bind/93/bone = -1
bind/93/pose = Transform3D(-0.507206, 0.00401489, 0.861816, -0.861798, 0.00555649, -0.507221, -0.00682508, -0.999977, 0.000641734, -1.36173, 0.00401414, 0.0192624)
bind/94/name = &"CC_Base_R_Index2"
bind/94/bone = -1
bind/94/pose = Transform3D(-0.524643, -0.00670714, 0.851296, -0.851168, -0.0149374, -0.524682, 0.0162353, -0.999866, 0.0021279, -1.36184, -0.00486591, 0.0341252)
bind/95/name = &"CC_Base_R_Index3"
bind/95/bone = -1
bind/95/pose = Transform3D(-0.480816, -0.00507407, 0.876807, -0.875749, -0.0466809, -0.480505, 0.0433683, -0.998897, 0.0180013, -1.35861, -0.0976486, 0.0360346)
bind/96/name = &"CC_Base_R_Pinky1"
bind/96/bone = -1
bind/96/pose = Transform3D(-0.498993, -0.0035518, 0.866599, -0.866606, 0.002958, -0.498985, -0.000791068, -0.999989, -0.00455405, -1.3574, -0.0047662, 0.0810032)
bind/97/name = &"CC_Base_R_Pinky2"
bind/97/bone = -1
bind/97/pose = Transform3D(-0.526645, -0.000490126, 0.850085, -0.850053, 0.00907061, -0.52662, -0.00745264, -0.999959, -0.00519364, -1.35798, 0.010451, 0.0770417)
bind/98/name = &"CC_Base_R_Pinky3"
bind/98/bone = -1
bind/98/pose = Transform3D(-0.445147, -0.00409359, 0.895448, -0.894593, 0.0459566, -0.444512, -0.039332, -0.998935, -0.0241195, -1.35148, -0.133461, 0.0758892)
bind/99/name = &"CC_Base_R_UpperarmTwist01"
bind/99/bone = -1
bind/99/pose = Transform3D(-0.498812, -0.000742989, 0.86671, -0.866705, 0.0039945, -0.498805, -0.00309144, -0.999992, -0.00263647, -1.3604, 0.591758, 0.05495)
bind/100/name = &"CC_Base_R_UpperarmTwist02"
bind/100/bone = -1
bind/100/pose = Transform3D(-0.498817, -0.00337282, 0.866701, -0.866705, 0.00399205, -0.498804, -0.0017775, -0.999986, -0.00491456, -1.36027, 0.459593, 0.0585386)
